254 255 254 254 253 249 244 242 242 244 245 244 244 246 248 249 247 246 245 245 243 239 234 233 232 240 248 253 254 254 
254 254 254 252 237 210 187 175 170 173 175 174 171 175 176 179 177 172 165 160 152 145 136 138 147 177 214 244 253 254 
255 254 252 236 183 128 100 85 75 71 66 60 55 56 55 54 48 48 45 43 43 45 44 45 55 81 129 200 245 254 
254 254 244 184 104 59 36 29 23 20 17 16 12 11 10 9 7 6 6 7 7 8 9 11 16 25 53 118 217 249 
254 253 217 114 50 22 11 6 4 2 2 2 2 1 1 1 0 0 1 1 1 1 2 3 5 9 17 53 150 237 
254 246 161 59 17 5 2 1 0 0 0 0 0 0 0 0 0 0 0 0 0 0 0 0 0 3 7 21 82 212 
254 231 97 24 5 1 0 0 0 0 0 0 0 0 0 0 0 0 0 1 0 0 1 1 0 0 2 6 38 160 
252 196 56 9 1 2 5 6 6 5 5 5 6 5 5 5 4 4 5 5 5 6 8 9 5 1 1 2 15 103 
250 149 28 3 4 15 30 35 38 38 38 38 36 35 32 32 31 33 37 42 47 53 56 53 33 7 0 1 6 62 
245 106 13 2 10 43 80 105 115 118 119 121 125 125 127 128 130 134 138 139 144 148 149 132 87 28 2 1 3 35 
237 73 6 2 21 86 143 176 190 200 204 206 210 212 214 216 217 218 218 219 218 220 218 201 148 64 6 1 2 20 
227 49 3 4 34 123 192 221 235 241 242 244 247 247 246 248 248 248 247 247 247 247 245 234 195 102 12 1 1 13 
216 32 2 4 47 155 219 242 249 252 252 253 253 253 253 253 253 253 253 253 253 253 251 246 219 129 21 1 1 9 
205 23 1 5 56 182 235 249 253 254 254 254 254 254 253 254 254 254 254 254 254 254 254 250 233 152 28 1 1 7 
200 17 1 5 63 193 242 252 254 254 254 254 254 254 254 254 254 254 254 254 254 254 254 252 239 165 33 3 0 6 
194 14 2 6 67 198 245 252 254 254 255 255 254 254 254 254 254 254 254 254 255 254 254 252 241 169 35 2 0 5 
197 12 2 6 68 196 245 252 254 254 255 255 254 254 254 254 254 255 254 255 254 254 254 252 240 169 34 2 0 4 
197 14 1 6 62 191 243 252 254 254 255 255 255 254 254 254 255 255 255 254 254 254 253 250 235 161 30 3 0 5 
199 16 1 4 51 179 240 251 254 255 254 254 255 254 254 254 254 254 254 254 254 254 252 248 226 142 22 2 0 6 
202 19 1 3 37 161 234 250 254 254 254 254 254 253 253 253 253 253 252 251 251 251 247 236 207 118 15 1 1 10 
210 26 2 1 22 136 225 247 252 252 251 248 247 245 244 243 243 242 242 240 240 239 232 217 174 83 9 1 1 18 
222 36 3 1 15 109 210 241 245 241 232 220 212 205 204 201 197 196 193 190 188 187 181 162 118 47 4 0 2 34 
233 58 7 1 10 81 192 231 231 208 165 128 106 97 96 93 90 90 92 90 90 91 93 87 58 21 1 0 6 62 
241 89 14 3 7 59 172 211 192 132 68 34 20 18 17 17 16 16 17 18 20 21 24 24 17 4 0 1 15 106 
248 141 29 9 9 52 152 175 125 60 20 4 2 1 2 1 1 1 1 1 2 2 1 2 1 1 1 5 36 158 
251 192 62 23 20 64 140 136 74 30 6 0 0 0 0 0 0 0 0 0 0 0 0 0 1 2 5 19 80 206 
252 228 128 63 56 100 145 111 56 21 4 1 0 0 0 0 0 0 0 0 1 1 1 3 4 8 20 53 143 238 
253 245 201 141 133 167 172 114 59 24 7 3 3 2 2 2 2 3 3 4 5 7 8 10 16 27 55 113 205 249 
254 251 240 218 213 223 208 148 84 42 20 14 12 14 14 14 15 15 18 20 24 29 32 37 49 75 119 194 243 253 
254 253 250 247 246 247 238 200 139 96 68 61 63 70 80 81 85 85 92 93 99 101 103 109 124 154 199 238 252 254 
