252 253 254 254 254 252 241 212 200 232 251 254 254 254 255 255 255 255 254 254 254 254 254 254 253 251 223 155 141 219 
252 253 253 254 253 246 215 164 155 194 242 252 254 254 255 255 254 254 254 254 254 254 254 254 252 240 163 77 70 158 
253 253 253 253 250 230 162 106 103 142 221 249 254 254 255 255 254 254 254 254 254 254 254 253 250 215 90 30 26 85 
253 253 253 252 245 198 107 61 59 102 195 246 253 254 255 254 254 254 254 254 254 254 254 253 246 183 49 14 12 41 
253 253 252 249 230 149 61 28 31 71 176 243 253 254 254 254 254 254 254 254 254 254 253 252 242 151 32 8 7 24 
253 252 251 243 202 103 28 13 16 54 167 242 252 254 255 254 254 254 254 254 254 254 254 251 237 132 25 6 5 13 
252 252 248 229 157 57 12 4 10 45 169 242 252 254 254 254 254 254 254 254 254 254 253 251 235 122 23 5 3 10 
252 251 240 196 108 29 5 2 9 49 178 241 252 254 254 254 254 254 254 254 254 254 253 250 231 119 21 4 3 8 
251 246 219 153 65 13 2 2 12 68 191 242 252 254 254 254 254 254 254 254 254 254 253 250 227 114 19 3 3 8 
251 236 186 103 33 6 0 2 21 93 201 244 252 254 254 254 254 254 254 254 254 254 253 249 223 111 18 3 3 8 
248 214 139 63 16 2 0 5 33 112 206 244 251 253 254 254 254 254 254 254 254 254 253 247 215 102 16 3 2 8 
239 181 95 33 7 1 0 8 42 124 202 237 248 251 251 252 253 253 253 253 253 253 250 240 201 89 14 2 2 7 
229 142 55 15 3 0 0 9 43 120 186 220 234 239 241 241 241 241 243 243 244 244 241 226 172 70 10 2 2 7 
208 98 30 7 1 0 1 8 36 97 151 182 194 195 195 196 195 198 200 201 203 205 202 182 127 44 6 1 1 7 
180 63 14 3 0 0 0 4 23 62 99 118 123 122 117 113 110 107 105 102 101 104 108 97 64 20 2 0 1 6 
151 37 6 1 0 0 0 1 10 28 48 58 58 56 49 44 39 33 30 29 27 28 29 27 19 6 1 0 1 6 
126 20 3 1 0 0 0 1 4 11 18 22 20 17 13 11 9 8 7 5 4 4 5 5 4 1 0 0 1 5 
116 12 2 0 0 0 0 0 1 3 5 5 5 4 3 1 1 1 1 0 0 0 1 1 1 0 0 0 1 5 
120 13 2 1 0 0 0 0 0 1 1 1 1 1 1 0 0 0 0 0 0 0 0 0 0 0 0 0 1 5 
136 23 4 2 1 1 1 1 1 0 1 0 1 1 0 0 0 0 0 0 0 0 0 0 0 0 0 0 1 5 
162 49 16 9 7 5 6 6 4 3 2 2 2 1 1 1 1 1 0 0 0 0 0 0 0 0 0 0 1 5 
193 87 45 32 28 27 27 28 25 21 17 15 13 11 10 8 6 6 5 4 5 6 6 5 1 0 0 0 1 5 
214 128 85 72 70 70 70 68 66 66 62 59 56 54 53 51 49 48 46 45 48 51 54 43 19 2 0 0 1 5 
231 170 128 116 117 121 121 121 125 126 124 125 124 123 124 127 129 130 133 138 143 151 156 132 71 14 1 0 1 5 
241 202 171 163 165 169 172 174 179 181 182 182 185 188 190 192 196 202 205 210 214 219 219 200 136 33 3 1 1 5 
247 225 204 198 200 203 208 211 214 216 219 221 223 226 228 230 232 235 237 241 242 244 243 232 183 64 5 1 1 5 
250 239 225 223 224 227 230 233 235 237 239 241 242 243 244 245 247 248 249 250 251 251 250 244 214 96 11 1 1 7 
251 245 240 239 240 241 243 245 246 247 248 249 249 249 250 251 252 252 252 252 252 253 251 248 232 135 22 3 2 13 
251 249 246 247 247 247 248 250 251 251 252 252 253 253 253 253 253 253 253 253 253 253 253 251 242 182 46 7 4 28 
252 251 250 250 250 251 251 253 253 253 253 254 253 254 253 253 254 254 254 254 254 254 253 252 249 220 101 20 12 66 
