254 254 254 252 246 236 228 239 252 254 254 254 255 255 254 254 254 254 254 255 255 255 254 252 244 223 195 180 196 239 
253 254 252 242 217 190 175 190 236 252 254 254 254 255 254 254 254 254 255 255 255 254 253 240 190 125 86 72 104 196 
253 253 244 208 163 129 113 129 191 247 253 254 255 255 255 254 254 254 254 254 254 253 243 188 88 38 23 24 41 117 
253 251 221 154 102 70 57 74 137 233 253 254 254 255 255 255 254 255 255 254 254 249 212 95 28 10 6 9 16 61 
253 247 180 99 54 30 23 36 93 213 251 254 254 255 255 255 255 255 254 254 253 232 138 33 7 2 2 3 6 32 
252 231 128 53 22 9 8 18 62 195 250 254 254 255 255 255 255 254 254 253 244 186 57 8 1 0 0 1 3 17 
251 204 80 24 6 2 2 11 48 184 248 254 254 255 255 255 254 254 254 250 220 105 20 2 0 0 0 0 1 11 
247 164 42 9 1 0 2 10 50 186 248 254 254 255 255 255 254 254 252 237 152 38 5 0 0 0 0 0 1 6 
241 120 19 3 1 2 7 18 72 199 249 254 254 255 255 255 254 254 244 193 67 11 1 0 0 0 0 0 0 5 
232 79 9 1 2 8 21 44 114 218 250 254 254 255 255 254 254 250 218 108 20 1 0 0 1 1 0 0 0 4 
219 48 3 1 6 28 61 97 166 235 252 254 254 254 254 254 251 234 151 38 5 0 0 1 9 10 2 0 0 4 
201 30 2 1 12 58 109 157 211 245 253 254 254 254 254 253 242 188 67 9 0 0 0 14 45 29 5 0 0 4 
181 18 1 2 20 92 158 203 235 251 254 254 254 254 253 246 211 98 18 1 0 0 7 63 93 62 11 0 0 5 
164 10 1 3 29 123 194 229 247 253 254 254 254 253 249 224 135 31 3 0 0 1 39 130 142 92 18 1 0 6 
153 8 0 4 35 142 216 242 250 253 253 254 254 250 233 168 52 6 0 0 0 13 114 183 182 118 23 1 0 5 
145 6 0 4 37 152 224 245 251 253 253 253 251 239 188 82 12 0 0 0 2 55 181 216 209 139 29 2 1 5 
146 7 0 4 35 150 224 245 250 252 252 250 241 202 107 24 2 0 0 1 18 133 221 238 223 155 32 3 1 6 
154 9 0 2 29 137 218 243 249 250 249 241 210 127 37 4 0 0 0 6 71 197 239 246 230 164 33 4 1 6 
169 12 0 1 19 113 199 234 243 244 235 211 143 49 7 0 0 0 1 31 153 229 249 250 236 169 32 4 1 6 
186 20 1 1 11 78 159 207 222 218 198 144 57 11 1 0 0 0 13 95 210 245 253 251 238 169 31 4 1 7 
205 34 2 0 6 44 109 154 173 160 121 54 13 1 0 0 0 4 48 176 236 251 254 252 240 165 30 4 1 7 
221 58 4 0 2 17 55 90 98 82 40 12 2 0 0 0 1 22 125 222 249 253 254 252 240 162 28 4 1 8 
235 88 10 1 0 4 15 29 33 21 6 1 0 0 0 0 9 75 196 243 252 254 254 252 241 158 27 4 1 7 
244 130 20 2 0 1 2 5 5 3 1 0 0 0 0 5 42 157 233 251 254 254 254 252 241 155 27 4 1 9 
249 175 42 7 2 0 0 0 0 0 0 0 0 0 4 26 115 219 249 253 254 254 254 253 242 157 28 5 2 13 
251 213 81 21 5 2 1 1 0 0 0 0 1 4 19 90 197 244 253 254 254 254 254 253 244 166 33 8 4 19 
253 238 137 47 15 7 3 2 2 1 2 3 8 22 81 182 239 252 254 254 254 254 254 253 248 185 44 13 9 28 
254 248 193 94 40 20 12 8 8 7 9 16 34 88 179 237 250 254 254 254 254 254 254 254 250 208 69 24 18 48 
254 252 232 162 90 53 37 30 27 30 39 62 115 193 237 250 253 254 254 254 254 255 254 254 252 233 114 50 44 86 
254 253 250 224 162 113 83 72 73 81 106 155 210 242 252 254 254 254 254 254 254 254 255 254 254 246 184 95 85 148 
