253 251 246 248 252 253 254 254 254 254 254 255 255 255 255 255 254 254 254 254 254 251 237 183 150 169 206 233 248 252 
252 245 230 235 247 252 253 254 254 254 255 255 255 255 255 255 255 254 254 254 253 245 170 67 39 58 117 195 237 251 
250 228 201 207 234 249 253 254 254 255 255 255 255 255 255 255 255 254 254 254 251 223 89 23 10 14 34 106 206 244 
246 199 158 168 213 243 253 254 255 254 255 255 255 255 255 255 255 255 254 254 250 197 54 11 4 5 10 33 133 229 
240 159 109 120 184 236 251 253 254 255 255 255 255 255 255 255 255 254 255 254 248 177 44 8 3 3 3 12 59 198 
228 117 66 76 150 225 249 253 254 254 254 255 255 255 254 255 255 255 255 254 249 177 45 7 2 2 2 5 23 147 
212 74 31 38 114 216 247 253 254 254 254 254 254 254 254 254 254 255 255 254 249 191 59 10 2 1 1 3 10 84 
193 44 11 16 82 206 244 252 254 254 254 254 254 254 254 254 254 254 255 254 250 214 93 22 4 1 1 2 5 46 
175 26 4 6 60 197 243 252 254 254 254 254 254 252 248 249 252 254 254 254 252 234 153 61 19 4 0 1 3 23 
163 17 2 4 50 189 242 251 253 254 254 253 249 233 214 225 245 253 254 254 253 247 212 139 67 20 2 1 1 12 
157 12 1 2 45 185 241 251 253 254 253 249 229 169 115 148 219 249 254 254 254 251 240 208 141 57 10 1 1 8 
159 11 1 2 44 184 241 250 253 253 250 235 172 65 28 66 175 240 253 254 254 253 249 235 196 105 21 2 0 5 
162 11 1 3 46 186 240 250 252 252 243 198 86 13 6 26 131 228 250 254 254 254 252 245 222 143 33 3 1 3 
170 10 1 3 49 186 239 250 251 247 219 130 23 2 1 12 93 215 249 254 254 254 253 249 234 168 45 5 1 3 
177 12 1 3 51 183 237 248 248 234 171 54 4 0 0 6 69 204 246 253 254 254 253 250 239 181 51 7 1 3 
182 15 1 3 52 177 233 244 240 203 98 13 1 0 0 4 56 192 243 252 253 254 253 250 239 185 51 6 1 3 
188 15 1 2 49 170 223 232 218 142 34 2 0 0 0 3 47 179 238 251 253 253 253 249 236 179 47 6 1 4 
192 16 1 2 44 154 206 211 169 68 6 0 0 0 0 2 37 157 228 248 251 252 251 246 228 163 39 4 2 5 
193 17 1 1 35 133 175 165 98 16 1 0 0 0 0 0 24 131 209 238 245 247 245 236 209 134 27 3 2 7 
194 18 2 0 27 103 130 105 34 3 0 0 0 0 0 0 11 92 178 216 230 231 229 214 175 96 16 2 2 13 
196 18 2 0 13 63 76 42 4 0 0 2 7 5 1 0 3 44 127 172 191 196 189 173 129 55 6 2 3 23 
195 18 3 0 5 26 28 6 0 0 2 13 42 33 5 0 0 13 62 105 125 129 124 107 70 22 2 1 5 43 
196 18 3 0 1 4 3 0 0 1 9 52 118 104 22 2 0 1 15 36 50 54 54 45 23 5 1 2 9 73 
196 21 3 1 0 0 0 0 0 4 34 129 189 173 60 9 0 0 1 6 10 12 12 10 3 1 1 4 20 116 
199 28 4 1 0 0 0 0 2 17 91 199 228 218 119 20 3 0 0 0 0 1 2 1 1 1 3 10 42 165 
210 38 6 2 0 0 0 2 8 53 168 233 247 238 172 42 6 2 1 0 1 1 1 1 2 3 8 24 79 206 
221 56 13 3 2 2 2 6 29 118 222 247 252 248 214 82 18 5 3 3 3 3 4 4 6 11 22 50 136 231 
233 90 25 10 7 6 8 21 78 192 243 252 254 252 238 148 47 17 10 10 10 12 13 16 21 31 50 98 197 245 
244 143 52 28 22 22 29 68 161 236 251 254 254 254 249 213 112 52 35 34 35 36 41 48 55 70 100 164 234 251 
250 205 108 69 60 66 91 154 225 249 253 254 254 254 254 244 205 138 103 94 96 97 101 105 109 128 169 224 249 253 
