253 254 254 254 254 254 254 254 254 254 254 254 254 254 254 253 247 230 201 181 173 163 148 173 230 252 254 254 254 254 
253 254 254 254 254 254 254 254 254 254 254 254 254 254 252 246 222 168 104 69 59 49 49 73 175 243 253 254 254 254 
253 253 254 254 254 254 254 254 254 254 254 254 253 249 242 216 147 65 25 12 10 10 11 22 92 220 251 254 254 254 
253 254 254 254 254 253 254 254 254 253 253 252 247 238 213 147 58 16 3 1 1 2 3 7 37 189 247 254 254 254 
253 254 253 253 253 253 253 253 253 252 250 244 235 208 151 61 14 3 0 0 0 0 1 3 18 156 242 254 254 254 
252 253 253 253 253 253 252 251 250 247 241 231 210 155 73 17 3 0 0 0 0 0 0 2 10 130 237 253 254 254 
252 253 253 253 252 251 249 247 243 238 228 209 161 79 20 4 1 0 0 0 0 0 0 1 7 112 234 253 254 254 
253 252 252 251 249 247 243 240 233 225 206 163 88 25 4 0 0 0 1 3 1 0 0 1 5 104 230 252 254 254 
253 252 249 247 244 240 236 230 222 205 163 93 31 5 0 0 0 3 12 16 8 0 0 1 5 103 228 252 254 254 
252 249 246 242 237 234 228 220 204 161 96 32 7 1 0 0 3 19 44 49 25 3 0 1 4 104 227 252 254 254 
252 246 240 235 229 226 219 202 164 101 35 8 1 0 0 3 21 62 102 98 48 9 0 1 5 105 226 251 254 254 
250 241 233 229 224 218 199 162 104 43 9 2 1 0 4 20 62 121 157 143 75 16 1 0 5 108 225 251 253 254 
249 236 227 224 216 200 164 111 47 11 2 1 2 5 16 54 111 169 189 173 99 22 1 0 4 106 223 250 253 254 
245 229 224 215 199 165 113 53 15 2 2 4 7 17 46 96 154 195 206 189 112 26 2 1 4 97 215 246 252 253 
242 226 213 197 166 115 58 19 3 3 5 11 20 44 85 135 182 209 213 192 115 25 2 0 2 82 201 240 248 252 
239 219 196 163 116 63 21 6 4 8 15 24 46 84 124 163 194 210 213 188 110 25 1 0 2 60 177 226 239 246 
236 204 165 117 68 25 9 7 10 17 29 51 89 133 158 177 190 202 202 173 92 19 1 0 1 32 135 192 217 234 
231 179 125 71 31 12 10 13 20 30 54 94 144 177 182 171 164 172 170 137 67 14 1 0 0 12 78 130 160 201 
225 148 80 35 15 13 17 21 31 52 92 149 195 209 189 140 114 109 106 82 37 6 0 0 0 2 26 54 77 129 
210 109 44 19 14 19 24 32 49 90 148 200 228 227 184 100 53 42 40 33 13 1 0 0 0 0 5 15 24 56 
191 73 26 18 20 25 32 50 84 141 195 234 243 235 173 67 20 9 7 6 2 0 0 0 0 0 1 3 6 16 
163 47 23 22 24 33 52 82 136 191 231 249 250 238 163 51 12 3 1 1 0 0 0 0 0 0 0 0 1 5 
143 37 26 26 32 49 83 131 186 226 248 253 253 241 165 47 10 2 1 0 0 0 0 0 0 0 0 0 1 3 
138 38 29 32 47 79 126 180 222 246 253 254 253 244 178 54 13 3 1 0 0 0 0 0 0 0 0 0 1 4 
149 52 37 45 74 121 177 218 242 252 254 254 254 248 198 73 21 7 3 1 0 0 0 0 0 0 2 2 4 11 
175 75 58 73 113 167 214 241 251 254 254 254 254 251 224 116 42 19 11 5 1 0 0 0 0 1 5 9 13 32 
205 114 91 114 158 209 237 250 254 254 254 254 254 253 241 188 114 80 63 32 8 1 0 1 1 6 27 49 63 108 
224 162 137 157 203 232 247 253 254 254 254 254 254 254 250 234 201 176 160 109 34 7 2 2 4 28 97 140 159 197 
239 198 182 202 228 246 253 254 254 254 255 254 254 254 254 251 245 237 226 196 109 23 5 4 14 91 176 212 223 237 
247 225 215 229 243 252 254 254 254 255 254 254 254 254 254 254 252 251 247 234 187 77 20 14 51 162 222 239 246 248 
