253 253 246 237 238 240 244 244 244 247 248 250 248 246 248 253 254 255 255 255 255 254 254 253 241 222 231 247 253 253 
253 239 194 167 163 169 168 169 175 178 184 185 173 164 187 238 253 254 255 255 254 254 254 239 160 123 153 216 247 253 
251 200 124 92 81 75 72 70 67 67 68 68 59 53 77 171 247 254 254 254 254 254 252 185 80 51 75 141 229 250 
247 147 62 34 29 24 21 19 17 15 15 13 10 10 23 92 227 253 254 255 254 254 247 133 41 20 26 66 170 246 
240 94 24 11 8 6 5 6 5 3 2 2 1 1 5 53 201 251 254 254 254 254 242 101 25 8 9 25 100 229 
231 59 9 3 2 1 1 1 1 1 0 0 0 0 1 33 181 250 254 255 254 254 240 98 22 5 4 9 46 183 
220 36 4 1 1 1 1 2 1 1 1 0 0 0 0 26 172 249 254 255 254 254 243 115 24 5 2 3 17 120 
214 25 2 1 1 4 6 7 8 9 7 2 0 0 0 28 173 249 254 255 254 254 247 160 40 9 2 2 7 68 
211 20 1 1 5 19 32 40 46 48 40 16 1 0 0 35 189 249 254 255 254 254 250 205 87 18 2 1 2 36 
210 19 1 1 16 57 91 115 131 130 103 49 4 0 2 51 203 251 254 255 255 254 252 233 149 48 7 1 1 20 
213 19 0 2 31 107 161 188 202 201 173 95 9 0 5 83 217 251 254 255 255 254 253 247 204 94 17 1 0 10 
216 21 0 2 47 152 210 231 238 240 217 128 14 0 11 121 230 252 254 255 255 255 254 251 231 141 31 3 0 5 
219 21 0 3 57 179 234 247 251 250 236 148 14 0 23 152 238 253 254 255 255 255 254 253 245 181 47 4 0 3 
222 21 0 4 63 199 244 252 253 253 240 148 12 1 31 175 243 253 254 255 255 255 254 254 250 204 58 5 0 2 
223 20 0 4 65 210 247 252 253 254 242 134 9 1 39 184 245 253 254 255 255 255 254 254 251 214 70 6 0 2 
224 20 0 4 66 214 248 252 254 254 240 115 7 1 37 184 246 253 254 255 255 254 254 254 251 218 73 6 0 1 
222 19 0 4 65 216 249 252 254 254 236 93 5 0 31 178 243 253 254 254 254 254 254 254 249 214 66 5 0 2 
222 17 0 4 63 216 249 253 254 254 233 77 3 0 24 161 238 252 254 254 254 254 253 252 246 199 57 5 0 3 
223 18 1 3 59 215 248 252 254 254 230 68 3 0 17 131 227 248 252 253 252 252 251 248 236 172 41 3 0 4 
225 17 0 3 55 212 248 253 254 254 229 65 3 0 7 86 200 236 246 247 247 246 244 238 212 126 23 2 1 9 
220 16 1 3 53 209 248 253 254 254 231 68 4 0 3 38 135 197 221 228 225 224 220 205 165 75 12 1 1 23 
218 14 1 3 50 206 248 253 253 254 237 78 6 0 0 10 48 115 153 168 171 170 162 142 91 31 4 0 2 40 
214 13 1 2 47 204 248 253 254 254 241 99 11 0 0 1 10 33 59 72 75 76 74 61 33 9 1 1 6 73 
211 12 1 2 44 202 249 253 254 254 245 134 18 1 0 0 1 6 14 16 19 19 18 14 8 2 0 2 15 127 
215 13 1 3 46 204 249 253 254 254 250 177 34 3 0 0 0 0 1 3 2 3 3 2 2 1 2 5 36 180 
221 20 3 4 51 211 249 253 254 254 253 217 63 9 1 0 0 0 0 1 1 1 1 2 2 3 5 14 79 222 
231 34 6 8 63 220 249 253 254 255 254 240 123 23 4 1 1 1 1 1 2 2 3 4 5 6 14 40 143 242 
241 66 14 17 93 232 250 253 254 255 254 251 197 64 17 5 3 4 5 5 6 8 10 11 15 20 38 93 207 250 
249 125 40 43 143 242 252 253 254 255 254 254 242 155 62 28 18 16 20 22 27 32 35 37 43 58 94 170 241 253 
253 197 97 99 204 248 253 254 254 255 255 254 253 232 167 115 87 80 84 87 90 91 91 93 105 127 172 234 252 253 
