254 255 255 255 255 255 255 255 255 255 255 255 254 254 253 251 246 238 224 204 191 191 193 211 233 247 252 254 254 255 
254 255 255 255 255 255 255 255 255 255 254 254 254 251 243 226 194 151 109 76 57 47 61 92 148 205 239 252 254 255 
254 255 255 255 255 254 254 254 254 254 253 252 243 226 188 135 80 40 21 10 8 8 10 19 43 95 179 239 253 254 
254 255 255 255 255 254 254 254 253 252 248 235 200 143 81 36 14 5 1 0 0 1 1 2 5 18 69 168 241 254 
254 255 254 254 254 254 253 252 249 240 221 175 109 46 18 5 0 0 0 0 0 0 0 0 1 2 12 69 199 250 
254 254 254 254 254 253 251 244 230 202 149 84 34 10 1 0 0 0 0 0 0 0 0 0 0 0 2 17 115 239 
254 254 254 254 253 250 240 218 178 117 61 23 6 0 0 0 0 0 0 0 1 1 0 0 0 0 0 4 41 197 
254 254 253 252 247 237 207 160 94 42 13 3 0 0 0 0 0 2 3 5 6 7 6 2 0 0 0 1 10 133 
254 253 251 245 230 199 139 79 31 8 2 0 0 0 0 0 4 14 26 37 43 42 34 18 4 0 0 0 2 65 
253 251 244 224 187 129 68 25 7 1 0 0 0 0 0 3 18 57 98 123 133 138 121 78 26 3 0 0 1 27 
253 246 220 178 121 62 21 5 0 0 0 0 0 0 0 10 59 139 186 209 217 217 208 174 92 20 1 0 0 9 
252 232 174 111 55 18 4 0 0 0 0 0 0 0 2 29 120 203 234 244 247 247 244 228 167 51 4 0 0 4 
247 191 111 50 18 4 1 0 1 2 3 1 0 0 5 56 170 235 249 252 253 253 252 247 212 94 11 0 0 1 
240 138 53 17 4 1 0 2 8 16 17 4 0 1 12 86 205 247 253 254 254 254 254 252 233 134 21 0 0 0 
225 83 18 4 0 1 2 13 33 58 49 12 1 1 15 107 222 251 254 254 255 254 254 254 241 158 27 1 0 0 
205 39 5 0 1 4 13 40 87 122 110 35 1 1 17 115 227 252 254 255 254 254 254 254 244 168 31 0 0 0 
181 16 2 1 4 15 43 96 154 184 158 59 2 1 15 112 226 251 254 254 254 254 254 254 245 167 32 1 0 1 
170 14 2 4 18 48 101 162 209 225 201 88 3 1 10 96 220 249 254 254 254 254 254 254 241 152 28 1 0 2 
180 25 10 19 48 105 163 213 237 244 227 110 5 0 7 71 208 246 253 254 254 254 254 252 232 128 18 0 0 4 
208 57 35 52 102 163 212 238 249 250 241 131 9 0 4 43 177 237 250 252 252 252 253 247 210 92 10 0 0 7 
230 116 81 106 160 213 238 249 253 254 246 153 14 0 1 19 121 211 239 247 247 247 244 229 158 50 4 0 0 17 
243 172 144 166 208 238 247 252 254 254 250 175 22 0 0 7 48 138 196 215 221 219 205 165 89 18 1 0 1 39 
250 215 196 211 235 246 251 254 254 254 252 201 35 0 0 0 13 48 99 127 137 131 114 77 28 5 0 0 4 84 
252 239 229 236 246 251 254 254 254 254 254 222 60 3 0 0 1 9 26 38 45 43 35 19 7 1 0 0 18 149 
253 248 244 247 250 253 254 255 255 255 254 237 103 10 0 0 0 0 3 6 6 4 5 2 0 0 0 5 58 211 
254 252 250 251 253 254 254 255 255 255 254 248 167 27 2 0 0 0 0 0 0 0 0 0 0 0 3 27 137 238 
254 254 252 253 254 254 255 255 255 255 254 252 217 79 11 1 0 0 0 0 0 0 0 0 1 5 20 95 209 249 
254 254 254 254 254 255 255 255 255 255 254 254 245 163 45 7 2 0 0 0 0 0 1 2 7 26 84 185 243 252 
254 254 254 255 255 255 255 255 255 255 255 254 253 232 141 50 14 5 3 1 1 3 6 16 43 99 184 238 251 254 
254 254 255 255 255 255 255 255 255 255 255 255 254 249 227 156 86 44 21 16 14 21 38 80 139 204 239 251 254 254 
