251 241 201 166 148 122 103 140 225 253 254 255 255 255 255 255 255 255 255 255 255 255 254 254 254 254 254 252 252 253 
248 205 108 57 40 28 21 48 150 241 254 255 255 255 255 255 255 255 255 255 255 255 255 254 254 253 252 250 249 251 
240 125 26 10 4 3 3 12 76 209 252 254 255 255 255 255 255 255 255 255 254 254 254 253 251 248 245 242 240 244 
220 55 7 2 1 1 1 5 41 175 250 254 254 255 255 255 255 255 254 254 254 254 251 246 239 233 225 219 217 228 
184 22 2 0 0 1 1 3 29 151 247 254 254 255 255 255 255 255 254 254 253 250 241 225 209 195 188 180 178 200 
152 11 1 0 0 1 1 3 26 144 246 254 254 255 255 255 255 255 254 253 248 233 206 181 159 146 134 126 128 156 
131 6 0 0 0 0 1 4 34 155 245 254 254 255 255 255 254 254 253 248 230 194 152 119 99 90 82 74 77 104 
123 4 0 0 0 0 2 9 56 180 246 254 254 255 254 255 254 253 247 227 184 129 85 59 47 42 38 34 36 60 
125 4 0 0 0 5 10 30 102 208 250 254 255 255 254 254 253 247 228 175 113 65 36 22 16 14 12 12 15 31 
131 4 0 0 1 21 51 96 172 232 252 254 255 255 254 253 245 226 167 104 53 24 13 7 5 4 4 4 5 13 
139 4 1 0 6 58 126 181 223 248 254 254 254 254 253 244 218 163 91 43 18 8 4 3 2 1 1 1 2 6 
145 5 1 0 12 96 181 230 245 252 254 254 254 253 245 214 156 86 37 15 5 2 1 1 1 2 2 1 2 10 
152 5 0 0 18 121 216 245 251 254 254 254 253 246 212 151 74 29 11 4 2 0 0 2 5 8 9 9 11 24 
156 5 0 0 22 139 228 249 252 254 254 254 246 211 140 64 24 7 2 1 0 1 4 14 23 29 30 30 34 51 
159 6 0 1 24 147 233 250 253 254 253 245 208 129 56 21 7 2 1 0 1 5 21 41 60 70 70 66 69 95 
161 6 0 0 24 151 233 249 253 252 244 205 126 47 14 4 1 0 0 0 5 22 56 89 110 121 117 112 115 140 
162 6 0 0 22 144 227 247 250 243 204 119 41 12 3 1 0 0 0 3 22 64 113 150 171 174 172 168 165 187 
163 6 0 0 18 129 215 239 235 200 108 34 9 2 0 0 0 0 3 23 67 125 177 204 215 217 216 210 208 220 
166 5 0 0 11 106 188 214 188 99 28 5 0 0 0 0 0 4 23 68 128 186 221 236 242 242 241 238 237 241 
164 5 0 0 6 72 132 144 86 25 5 0 0 0 0 0 4 24 75 136 190 228 244 249 249 249 249 248 247 249 
162 5 0 0 1 31 61 53 16 3 0 0 0 0 0 2 24 74 142 202 233 245 251 252 253 253 253 252 252 252 
158 4 0 0 0 5 12 7 2 0 0 0 0 0 4 26 77 147 212 239 247 251 253 254 254 254 254 253 253 253 
154 4 0 0 0 0 0 0 0 0 0 0 0 4 28 82 158 216 243 249 252 253 254 254 254 254 254 254 254 254 
146 4 0 0 0 0 0 0 0 0 0 0 1 27 88 166 220 245 249 253 253 254 254 254 254 254 254 254 254 254 
147 5 0 0 0 0 0 0 0 0 0 1 24 93 176 228 247 251 253 254 254 254 254 254 254 254 254 254 254 254 
154 7 0 0 0 0 0 0 0 0 1 25 97 184 234 248 252 254 254 254 254 254 254 254 254 254 254 254 254 254 
178 12 0 0 0 0 0 0 0 3 28 108 192 237 249 253 254 254 254 254 254 254 254 254 254 254 254 254 254 254 
208 26 1 0 0 0 0 0 5 33 122 207 241 251 253 254 254 254 254 254 254 255 255 255 255 255 254 254 254 254 
239 64 4 0 0 0 2 10 46 137 217 245 251 254 254 254 254 254 255 255 255 255 255 255 255 255 254 254 254 254 
250 137 23 4 2 7 24 71 155 223 246 253 254 254 255 255 255 255 255 255 255 255 255 255 255 255 255 254 254 254 
