254 254 254 254 253 253 252 253 253 254 254 254 254 254 254 255 254 254 253 250 247 245 246 245 251 253 254 254 254 254 
254 255 254 253 247 236 223 217 221 237 250 254 254 254 254 254 253 243 214 172 143 136 141 166 200 234 250 254 254 255 
254 254 254 243 214 182 158 146 145 166 208 247 254 254 254 253 237 165 84 46 35 33 39 58 100 157 219 249 253 254 
254 254 249 210 154 110 84 69 67 81 124 198 248 252 252 242 169 63 16 7 5 7 9 14 28 64 134 221 250 254 
254 254 228 159 88 49 31 23 22 28 51 116 208 247 243 195 68 13 2 1 1 1 1 2 5 16 50 143 237 252 
253 249 189 98 36 13 6 4 4 5 13 44 119 195 192 92 18 2 0 0 0 0 0 0 1 3 13 63 189 249 
253 239 135 45 11 1 0 1 0 0 2 12 42 85 73 26 2 0 0 0 0 1 1 0 0 1 4 19 113 235 
253 217 87 14 2 0 1 1 1 0 0 2 7 15 13 2 0 0 1 3 7 9 6 5 1 0 1 6 49 203 
253 184 44 3 0 3 8 16 16 7 2 1 0 1 1 0 0 2 12 34 55 63 51 31 11 2 0 1 18 148 
252 145 17 0 5 20 41 63 70 59 28 5 0 0 0 0 4 23 77 134 164 170 156 120 60 14 1 1 5 89 
249 99 6 1 18 61 104 134 151 143 110 43 5 0 0 0 25 101 182 218 233 233 229 208 147 54 6 0 1 46 
245 65 2 4 42 121 174 204 216 213 190 119 23 0 0 4 81 187 234 248 251 250 250 245 211 116 20 1 0 17 
242 38 1 6 74 173 219 237 243 243 235 191 62 4 0 19 136 225 250 254 254 254 253 252 242 175 41 3 0 8 
235 24 2 11 105 207 241 250 252 252 247 223 112 9 1 37 172 240 253 254 254 254 254 253 249 210 65 6 1 5 
232 16 2 13 128 223 249 252 254 254 252 235 147 15 2 54 189 246 253 254 254 254 254 254 251 227 88 9 0 3 
229 14 2 15 142 231 250 253 254 254 253 240 165 19 2 59 193 248 254 255 255 254 254 254 252 233 96 10 1 2 
228 13 2 14 143 231 250 253 254 254 253 241 167 19 2 54 190 247 254 254 255 254 254 253 252 232 95 9 1 3 
231 17 1 12 128 225 248 252 254 254 252 237 151 16 0 42 180 242 253 254 254 254 254 253 251 224 83 8 1 4 
236 23 2 9 100 207 241 249 252 252 249 227 122 8 0 28 151 234 252 254 254 254 253 253 246 201 61 5 0 8 
240 36 2 6 66 172 221 239 244 244 236 197 74 3 0 10 107 209 246 252 253 253 252 250 231 161 37 2 1 14 
245 57 3 2 33 118 175 204 216 214 192 131 31 0 0 1 43 153 222 242 247 248 246 236 196 95 16 1 1 34 
251 87 5 1 12 59 108 139 151 142 107 51 9 0 0 0 7 61 143 201 215 218 211 182 116 38 4 1 2 69 
253 130 13 1 2 18 40 63 68 57 33 11 4 0 0 0 0 8 43 95 124 132 118 78 33 7 1 1 12 124 
254 178 31 3 0 1 6 11 13 11 5 4 4 3 2 1 0 1 5 16 28 32 24 16 8 1 1 4 37 181 
254 218 70 11 2 0 0 0 0 0 0 3 10 22 17 6 1 0 1 2 4 5 3 2 2 1 2 13 89 223 
254 241 126 35 7 2 0 0 0 0 4 14 52 100 88 30 5 1 0 0 1 1 1 1 2 2 9 41 156 244 
254 251 186 83 28 11 6 4 4 5 15 49 140 208 194 103 25 4 1 1 1 1 1 2 4 9 29 109 218 251 
255 254 229 146 75 41 26 21 20 28 53 130 220 249 248 205 87 23 6 2 1 3 4 7 15 34 91 190 246 254 
255 254 249 211 147 99 74 64 64 81 135 214 249 254 254 248 198 91 30 14 11 13 20 31 56 105 184 238 253 254 
255 255 254 246 216 178 154 143 147 177 223 250 254 254 254 254 245 198 126 81 61 62 79 106 149 199 239 253 254 254 
