254 254 254 254 253 251 244 231 215 198 184 180 195 217 237 247 252 254 255 255 255 255 255 255 255 255 255 254 254 253 
254 254 254 253 248 236 202 154 105 72 56 58 74 115 169 218 244 253 254 254 255 255 255 255 254 255 255 254 253 252 
254 254 253 249 228 165 93 44 22 11 8 8 12 25 62 128 204 241 252 254 254 255 255 255 255 254 254 254 251 250 
254 254 250 229 153 67 22 9 4 2 1 1 1 3 10 33 108 208 247 254 254 255 255 254 254 254 254 250 242 242 
254 252 241 170 61 17 5 1 0 0 0 0 0 0 1 5 33 132 229 252 254 254 254 254 254 254 251 238 213 212 
253 250 212 88 16 3 0 0 0 0 0 0 0 0 0 0 8 62 196 247 254 254 254 254 254 252 242 205 164 167 
252 243 153 32 3 0 0 0 0 0 0 0 0 0 0 0 1 28 154 240 254 254 254 254 252 246 217 158 110 114 
252 225 82 7 0 0 0 1 4 8 10 9 3 0 0 0 0 13 109 231 253 254 254 253 249 229 173 101 65 70 
249 191 32 2 0 0 2 11 27 45 56 52 31 9 1 0 0 5 80 220 252 254 254 250 236 192 120 57 34 37 
243 143 11 0 0 2 16 52 94 131 150 150 120 54 7 1 0 2 62 210 250 253 251 240 205 137 66 31 16 20 
235 91 3 0 1 10 56 124 180 209 221 221 206 140 35 3 0 1 52 199 247 250 243 214 148 78 37 15 7 11 
222 51 1 0 2 32 116 192 229 242 245 248 241 205 81 9 0 1 51 190 238 239 220 163 89 41 17 6 4 10 
206 23 1 0 7 66 168 228 247 251 252 253 251 233 135 22 3 2 56 177 221 217 173 98 46 19 6 3 5 21 
182 11 0 0 15 98 202 243 252 253 254 254 253 245 180 45 7 7 63 157 190 166 105 50 20 6 3 3 12 52 
156 6 0 1 20 122 217 248 253 254 254 254 254 249 206 74 15 17 67 126 137 102 49 19 7 3 3 9 37 98 
136 4 0 1 23 137 226 249 254 254 254 254 254 251 222 111 32 32 66 88 77 43 17 5 2 4 8 34 84 151 
128 3 0 1 23 141 228 249 253 254 254 254 254 252 230 138 53 45 55 48 30 12 5 2 3 7 29 83 137 192 
131 4 0 1 19 132 223 248 252 253 254 254 253 251 231 152 67 44 37 18 8 3 2 1 5 24 79 137 187 221 
151 6 0 0 14 109 208 243 251 252 253 253 253 248 224 148 65 32 15 5 3 1 1 4 20 70 137 186 217 238 
174 10 0 0 8 77 179 228 244 248 249 249 248 238 201 120 45 16 4 0 1 0 2 16 63 130 183 218 236 247 
199 20 0 0 3 35 126 189 220 228 228 229 225 203 152 71 21 4 0 0 0 2 10 51 122 183 218 238 248 251 
222 39 1 0 1 10 60 121 153 165 167 164 152 126 78 27 4 0 0 0 0 8 40 114 179 220 240 247 251 252 
237 72 2 0 0 2 12 38 60 69 68 64 57 42 19 4 0 0 0 0 6 33 101 174 217 240 249 251 252 253 
247 127 8 0 0 0 1 5 10 12 12 11 9 6 2 0 0 0 0 5 28 92 168 217 241 250 252 252 253 254 
251 186 25 2 0 0 0 0 1 0 0 0 0 0 0 0 0 0 4 23 85 165 220 241 250 252 253 253 253 254 
253 224 68 6 0 0 0 0 0 0 0 0 0 0 0 0 0 4 21 77 161 217 244 250 252 253 254 254 253 254 
253 245 144 24 3 1 0 0 0 0 0 0 0 0 0 1 4 21 72 151 218 244 250 252 253 254 254 254 254 254 
254 251 209 81 17 4 1 1 0 0 0 0 0 0 1 8 28 78 157 219 245 251 253 254 254 254 254 254 254 254 
254 253 244 170 68 25 11 5 3 3 2 2 3 7 17 44 96 171 224 247 252 253 254 254 254 254 254 254 254 254 
254 254 253 236 171 101 56 34 24 21 22 25 32 50 85 138 191 231 249 253 254 254 254 254 254 254 254 254 254 254 
