231 238 255 255 255 255 255 255 255 255 255 255 255 255 255 254 255 255 255 255 251 255 255 251 251 254 244 225 216 248 
231 238 254 255 255 255 255 254 255 255 255 255 255 254 255 255 252 252 252 250 251 253 250 246 234 195 140 92 91 159 
224 237 250 246 249 252 252 254 253 251 248 248 247 249 245 247 248 245 245 242 240 229 209 195 114 53 31 50 58 92 
227 238 244 241 241 241 241 242 244 248 248 246 244 242 242 242 242 237 223 203 171 123 93 47 25 12 3 35 51 69 
227 234 241 241 238 238 236 234 234 235 238 238 238 236 224 213 169 134 130 81 64 44 23 17 8 3 3 33 51 66 
224 237 240 238 234 231 231 231 231 227 223 211 205 178 140 112 63 45 31 22 15 8 6 3 6 3 3 31 51 65 
220 234 237 234 234 230 228 228 216 203 184 155 119 82 48 37 17 11 5 3 0 0 0 3 3 3 3 30 51 75 
214 233 233 229 220 209 204 180 150 124 94 59 40 24 17 8 1 0 0 0 0 0 0 0 1 1 7 44 62 101 
212 228 213 202 184 148 129 98 60 43 37 25 11 3 3 0 0 0 1 1 0 0 0 0 0 12 36 80 91 170 
221 212 179 145 126 86 50 31 21 18 16 13 3 4 3 2 3 7 7 6 0 0 0 0 25 63 105 152 177 238 
218 174 125 98 87 43 19 17 13 16 18 11 7 6 8 9 14 27 27 18 3 0 0 14 65 141 207 232 240 247 
214 130 87 72 61 14 13 10 11 9 10 10 13 19 24 36 62 79 72 47 14 3 2 33 136 214 244 245 248 251 
208 92 72 58 42 4 2 6 5 10 22 25 41 57 77 96 124 157 164 104 33 6 10 49 176 243 247 250 251 251 
210 71 62 46 31 0 6 10 17 35 46 55 83 124 136 156 182 212 209 158 51 6 12 60 198 246 249 251 251 252 
199 60 60 44 27 5 10 22 30 47 62 98 133 152 181 203 226 239 238 176 81 8 19 68 204 248 253 253 253 254 
193 60 61 44 24 3 19 25 35 55 83 114 155 180 200 218 236 244 240 182 79 11 15 65 213 251 253 255 255 254 
186 64 67 52 30 5 12 16 33 54 86 108 158 191 201 213 228 242 243 179 80 14 14 59 214 248 253 255 255 253 
191 66 71 57 42 19 11 9 14 33 71 88 125 165 175 203 219 224 226 167 78 8 18 58 206 248 253 255 255 251 
203 80 72 62 47 20 15 12 7 16 28 62 78 101 132 160 179 208 198 139 52 5 9 49 191 244 250 255 255 251 
213 102 85 67 52 20 17 17 16 7 7 27 38 51 76 94 110 129 121 84 22 1 0 35 155 236 249 254 254 251 
224 141 100 83 64 25 22 17 16 13 10 14 11 16 19 34 48 52 57 36 5 0 0 20 82 188 232 247 247 244 
227 174 136 112 86 53 30 25 22 21 13 13 12 10 7 6 11 16 19 3 1 0 0 3 15 106 176 210 232 243 
214 197 173 148 130 97 64 54 39 30 24 14 15 10 5 2 2 5 3 3 1 0 0 0 0 19 67 105 136 221 
216 221 207 181 155 143 117 108 95 74 50 33 24 18 13 9 4 1 1 1 0 0 0 0 0 0 6 57 79 134 
222 229 227 218 211 207 183 168 147 124 110 73 60 33 23 20 15 8 3 3 3 0 0 0 0 0 0 32 52 74 
223 231 247 243 239 231 233 216 211 195 171 162 124 106 77 51 32 22 13 9 6 3 0 0 0 0 0 22 47 56 
217 236 250 248 247 244 244 243 237 226 221 206 197 179 150 123 101 81 56 33 27 14 6 0 0 0 0 22 47 54 
217 231 251 251 251 251 248 247 247 247 237 239 240 239 222 208 191 176 164 122 104 75 35 16 4 1 0 28 47 58 
217 227 250 250 253 255 254 253 253 253 251 251 251 250 250 241 236 232 232 234 214 187 164 100 52 16 3 38 48 71 
217 227 250 251 251 255 255 255 255 255 255 254 251 251 251 250 250 250 248 251 248 241 241 236 198 139 80 72 64 101 
