254 254 251 250 250 251 251 252 252 253 254 254 254 254 254 254 253 253 253 254 253 251 252 251 252 251 251 249 249 253 
254 250 225 212 211 213 217 219 220 224 228 232 236 239 238 237 233 230 229 228 223 219 214 212 209 206 199 183 192 241 
253 229 170 141 138 136 136 137 139 133 141 151 152 153 151 139 131 123 123 122 116 110 106 106 106 106 99 92 114 190 
252 191 109 78 66 64 61 58 52 49 53 56 54 47 46 39 39 33 31 35 36 36 38 41 39 38 39 41 54 123 
248 149 57 29 25 26 22 20 18 16 13 12 12 9 8 8 8 6 7 9 9 11 12 10 12 13 12 15 26 78 
244 105 24 11 6 5 5 5 3 2 3 2 2 2 3 2 2 2 3 3 3 4 4 5 5 4 4 4 9 43 
242 73 10 3 1 0 1 2 2 3 2 0 0 0 0 0 0 1 1 2 3 3 3 6 4 3 2 3 6 27 
239 59 4 0 2 4 7 8 10 11 10 6 1 0 0 0 1 5 6 6 9 11 16 15 11 4 1 1 4 21 
236 49 2 1 5 18 29 39 42 49 47 33 10 1 0 1 9 24 36 46 52 56 61 53 39 18 4 1 2 13 
238 43 2 1 14 46 77 98 111 123 127 105 50 4 0 4 36 80 115 136 144 147 152 139 103 48 11 1 2 13 
238 41 3 1 24 84 131 163 179 192 198 176 112 15 1 13 88 156 198 214 217 220 219 206 170 93 17 3 2 14 
242 41 2 1 37 115 181 212 224 233 236 223 166 36 3 29 127 207 235 242 243 244 242 235 210 137 31 4 2 16 
242 40 2 2 45 144 211 232 243 246 246 239 204 55 5 42 161 228 246 250 252 251 251 249 231 162 41 5 2 16 
240 43 3 3 54 163 222 240 248 250 249 246 216 73 8 46 176 237 250 254 254 254 253 252 240 174 47 5 2 17 
242 43 2 2 50 167 227 245 248 251 252 249 222 83 8 47 182 241 253 254 255 254 254 254 242 185 52 6 1 18 
242 44 2 2 47 163 227 245 250 253 253 250 222 74 8 43 180 241 253 255 255 255 255 254 244 184 50 5 1 18 
244 47 2 2 43 154 222 243 250 253 253 249 218 67 8 35 170 240 253 255 255 255 254 254 244 177 44 5 2 18 
246 51 3 1 32 134 207 238 248 252 253 246 203 50 4 27 158 235 252 254 255 255 254 253 242 162 36 4 2 21 
247 65 2 1 20 107 186 225 241 246 249 236 172 33 2 15 129 222 250 254 254 254 254 251 233 140 25 3 2 24 
251 85 3 0 9 75 150 195 223 232 227 201 118 17 0 7 93 198 243 251 252 252 251 246 207 104 13 2 3 34 
252 117 8 1 3 40 91 143 172 177 166 130 55 9 0 3 44 153 218 243 247 247 242 224 168 64 6 1 4 51 
253 155 22 2 1 14 39 73 97 98 83 56 24 3 1 2 13 86 165 213 225 223 209 176 108 26 2 1 9 85 
254 197 45 5 1 2 11 26 36 35 24 17 8 2 2 1 2 22 73 135 161 155 136 98 39 6 0 1 20 134 
254 223 86 14 2 0 1 4 5 6 4 7 11 17 13 4 1 3 14 34 52 56 45 25 8 1 0 4 44 187 
254 243 142 43 7 2 1 0 1 0 1 11 37 78 76 25 8 2 2 4 8 9 6 3 1 0 1 15 93 231 
254 251 187 95 30 9 5 2 2 2 7 36 108 175 186 115 34 7 1 0 1 1 1 0 0 2 8 46 168 248 
254 253 228 154 83 38 17 10 9 13 38 104 196 241 241 209 98 26 5 1 2 1 1 0 1 8 32 115 221 252 
254 254 248 205 147 95 72 53 51 71 118 194 242 252 253 245 197 80 18 6 5 3 6 6 13 33 97 196 248 254 
254 254 254 239 203 167 133 121 128 157 205 244 252 254 254 254 246 187 87 33 18 14 18 24 49 109 190 242 254 255 
254 254 254 251 243 225 207 199 206 228 248 254 254 254 255 254 254 244 196 124 74 60 61 90 148 209 244 254 254 255 
