253 252 253 250 245 235 222 217 217 219 226 224 228 229 226 224 222 220 216 209 204 199 197 211 228 241 250 252 254 254 
253 253 252 243 218 186 163 149 141 141 143 139 139 138 132 131 123 117 112 102 95 95 101 123 164 209 238 249 252 253 
253 252 247 210 161 116 92 76 64 58 51 44 38 35 29 28 31 29 27 27 30 33 41 52 76 125 196 235 250 252 
253 250 223 157 98 53 35 26 20 15 12 8 6 6 5 6 5 5 5 8 8 11 14 18 28 51 106 198 240 251 
252 244 182 97 45 20 10 8 5 5 4 2 1 1 0 0 0 0 1 2 2 3 4 7 13 23 47 118 217 246 
250 226 131 48 17 8 3 1 1 1 1 1 0 0 0 0 0 0 0 0 0 0 0 3 6 11 22 53 158 238 
246 195 76 21 7 2 1 2 1 1 1 0 0 0 0 0 0 0 0 0 0 0 0 0 2 5 12 26 87 211 
242 151 37 7 2 1 2 3 3 4 3 3 3 3 3 4 4 4 5 5 6 6 5 1 0 2 7 15 40 167 
232 107 16 3 1 4 10 19 22 20 21 20 19 18 21 20 23 27 27 29 33 36 30 15 3 1 3 9 21 105 
220 68 6 0 2 15 39 64 73 75 79 77 79 80 81 85 92 92 97 105 112 113 99 63 22 4 2 5 13 57 
206 41 2 0 7 36 93 129 150 159 164 165 167 173 175 178 182 184 187 192 192 187 171 134 67 13 2 4 9 30 
191 25 1 1 11 71 148 190 206 215 218 221 224 226 228 228 231 232 232 230 231 228 218 192 124 35 4 3 5 15 
173 16 0 2 19 108 190 225 238 241 244 245 247 248 247 247 247 248 247 247 245 245 240 225 173 68 8 2 3 10 
159 11 0 2 27 136 213 241 247 250 251 253 252 252 252 252 253 254 253 253 252 251 247 237 204 98 14 2 3 8 
151 8 0 3 33 152 227 246 251 253 254 254 254 254 253 254 254 254 254 254 254 252 250 243 218 122 19 3 3 6 
149 7 0 3 38 161 231 246 252 254 254 255 255 254 255 254 254 255 254 255 254 253 251 246 224 138 24 4 3 6 
146 6 0 3 40 159 227 245 251 253 254 254 255 255 255 255 255 255 255 254 254 253 252 247 226 139 26 4 2 6 
147 6 0 2 39 145 218 236 248 252 254 254 255 255 255 255 255 255 255 254 254 253 252 246 222 129 21 2 2 8 
151 5 0 1 30 122 191 220 236 246 253 254 255 255 255 255 255 255 255 254 254 253 251 241 212 105 18 2 2 9 
158 6 0 1 19 85 146 175 204 235 251 254 255 255 255 255 255 255 255 254 254 252 249 233 188 75 11 2 3 12 
165 7 0 0 11 50 85 114 153 209 245 253 255 255 255 255 255 255 254 254 253 250 240 214 145 41 6 2 4 19 
171 12 0 0 2 15 33 50 89 172 237 253 254 255 255 255 255 255 254 254 248 235 205 157 76 16 2 2 5 40 
185 20 2 0 0 2 6 13 41 132 230 253 254 254 255 255 255 255 254 251 232 178 120 71 21 4 2 3 8 79 
202 31 4 2 1 1 0 3 21 106 224 252 254 254 255 255 255 255 254 244 181 88 39 14 5 2 2 4 19 137 
216 52 10 5 3 2 2 3 17 99 223 253 254 254 255 255 255 254 253 233 122 35 10 3 1 1 2 7 52 189 
230 91 22 9 7 7 7 9 26 114 228 253 254 254 255 255 255 254 251 222 85 21 4 1 1 2 4 22 120 225 
242 130 51 26 20 21 23 26 53 156 241 253 254 254 255 255 255 254 251 214 74 17 3 1 2 3 13 66 188 239 
248 182 94 62 54 56 62 70 111 206 247 253 254 254 254 254 255 254 251 218 75 17 4 2 4 10 43 153 231 245 
252 224 152 115 105 111 121 140 183 235 250 253 253 253 254 254 254 254 252 231 102 23 7 5 14 46 137 220 243 251 
252 244 208 177 168 178 186 206 231 248 252 253 253 254 254 254 254 254 252 244 156 47 16 24 63 140 215 241 249 252 
