254 252 246 246 253 254 254 255 254 255 254 254 255 254 255 255 255 255 254 255 255 254 255 255 254 252 249 234 235 246 
253 239 191 189 226 248 253 253 253 253 253 253 254 254 254 254 253 254 254 254 254 254 254 253 251 241 211 151 149 217 
252 200 132 121 165 223 241 249 252 252 252 252 253 252 252 251 251 251 251 252 251 250 249 248 233 204 127 69 77 147 
250 147 80 72 99 164 214 234 241 244 246 247 246 245 243 243 243 243 244 243 243 240 236 225 199 136 51 33 39 94 
245 108 38 28 47 91 141 172 186 187 193 198 194 189 189 191 196 190 182 177 178 176 168 155 119 58 20 16 23 59 
239 68 18 11 17 40 68 83 88 89 86 84 79 76 73 67 66 63 62 63 58 58 60 57 44 19 8 8 15 37 
236 45 7 2 3 10 21 27 24 23 20 18 15 12 11 13 15 12 14 15 16 17 18 19 14 6 3 3 10 28 
229 33 4 1 0 0 3 4 4 3 3 2 2 2 3 3 4 4 5 5 6 6 6 6 4 2 2 2 9 24 
230 29 3 0 0 0 1 1 1 1 1 1 1 1 1 1 1 1 1 2 3 3 2 3 3 2 1 2 6 20 
228 29 3 0 0 1 3 3 3 2 2 2 2 2 2 2 3 3 2 3 5 6 6 5 3 2 1 1 5 19 
227 33 2 0 2 7 13 15 17 15 14 16 18 17 15 14 14 16 16 20 20 26 30 26 15 6 3 2 6 20 
230 34 2 1 8 29 49 69 76 82 78 76 81 82 80 83 84 85 88 94 102 113 119 101 64 21 4 2 6 21 
232 34 2 1 21 72 117 151 167 175 179 183 190 192 192 194 197 199 199 201 203 201 199 179 124 55 7 3 7 22 
230 33 1 2 37 116 184 217 226 234 236 238 240 242 242 244 243 243 242 242 240 238 232 217 174 90 11 3 7 23 
230 33 1 4 47 148 222 240 249 250 251 252 252 253 253 252 252 252 251 251 250 250 244 233 199 114 16 4 8 25 
230 35 2 3 54 169 232 248 251 252 252 253 253 253 253 253 253 253 253 253 253 252 248 240 212 124 20 3 8 27 
230 35 2 3 55 178 235 250 252 253 253 254 254 254 254 254 254 254 254 254 254 253 250 241 216 128 21 3 8 29 
230 38 3 2 52 174 234 249 253 253 253 254 254 254 254 254 254 254 254 254 253 252 250 240 216 124 18 3 9 32 
229 43 3 2 45 165 231 248 252 253 253 254 254 254 254 254 254 254 254 254 253 253 249 239 206 116 14 4 10 34 
232 48 5 2 32 144 220 243 249 252 253 253 253 253 253 253 254 254 254 253 252 250 246 232 185 98 8 5 11 37 
238 60 7 2 18 112 192 228 241 247 248 249 249 251 249 247 248 249 249 248 243 241 232 208 155 70 5 5 13 44 
246 81 7 2 9 68 150 197 216 227 230 231 236 235 231 226 224 225 226 223 218 210 196 162 111 38 1 6 15 60 
249 114 15 2 3 28 89 128 157 165 169 166 167 162 154 148 151 151 145 144 142 137 125 100 59 12 1 8 21 84 
251 156 26 4 2 7 28 52 65 66 60 55 54 51 46 42 43 43 45 46 46 49 47 38 16 1 3 11 31 120 
252 192 49 10 3 2 5 8 10 11 6 7 6 5 5 5 5 7 7 8 7 6 8 6 2 1 4 16 51 167 
252 226 85 22 6 2 1 1 2 2 1 1 2 2 1 1 2 1 1 1 1 0 1 1 1 2 10 33 94 204 
253 245 142 42 13 6 3 3 3 3 1 2 3 3 2 2 1 1 1 1 1 1 1 2 4 12 29 67 150 230 
254 251 202 99 39 16 11 9 7 7 4 6 6 6 5 4 6 7 7 9 10 11 13 15 18 37 68 126 200 245 
254 252 239 174 92 50 34 29 27 27 29 27 24 24 28 30 31 29 40 46 51 51 57 56 69 93 138 193 238 252 
254 254 251 231 177 124 97 88 91 95 101 106 106 112 114 118 120 123 131 135 137 141 140 139 149 171 203 234 249 253 
