255 249 237 225 232 229 225 235 236 240 245 251 246 251 249 249 249 244 239 244 238 236 236 232 224 227 232 224 235 248 
252 231 204 180 180 188 188 182 180 183 194 198 197 206 206 207 196 180 179 173 166 163 147 152 142 138 137 127 151 225 
250 214 163 127 118 124 110 110 114 112 102 97 98 93 95 90 78 64 54 55 51 37 44 46 47 44 49 53 77 152 
239 180 90 70 63 46 41 38 41 45 36 33 26 22 21 15 13 13 11 9 10 9 10 12 14 13 15 23 38 94 
229 135 48 26 17 13 17 10 9 11 7 7 7 4 7 3 1 1 1 1 3 4 4 4 5 3 3 9 20 52 
216 75 15 5 2 1 0 3 1 2 2 1 1 3 0 0 0 1 1 1 1 1 2 2 3 3 3 5 14 42 
214 42 6 1 0 0 0 0 0 0 0 1 1 0 0 0 0 1 1 0 1 1 1 1 0 3 2 3 13 27 
210 29 2 0 2 2 4 5 5 3 0 0 0 0 0 0 0 4 4 3 3 4 5 5 0 0 0 2 8 21 
205 13 2 0 3 9 14 19 24 14 0 0 0 0 0 4 11 21 23 23 27 31 29 24 17 2 0 1 7 15 
208 12 1 1 11 27 54 75 87 68 33 5 2 0 0 23 48 72 80 73 84 87 96 84 57 20 2 1 7 16 
200 13 0 2 20 70 123 137 142 131 73 30 10 3 8 49 96 128 138 151 170 171 164 148 106 55 10 2 8 16 
194 11 0 2 34 113 163 190 196 188 143 66 24 11 16 70 144 176 203 220 222 224 213 195 160 98 19 5 7 15 
192 10 0 3 47 146 207 226 232 220 173 90 44 22 23 97 164 196 227 244 245 240 234 221 188 119 35 6 7 15 
203 13 0 6 59 170 234 249 249 240 195 107 54 32 31 110 177 218 241 253 252 249 249 233 200 134 38 11 5 17 
201 12 0 7 75 188 247 251 251 242 208 115 54 33 36 116 183 225 243 254 255 254 251 241 206 138 42 13 8 19 
196 9 0 7 77 197 248 252 254 247 214 121 55 37 42 117 193 227 249 254 255 254 252 243 215 140 41 13 7 20 
198 11 0 9 74 204 249 254 255 249 220 120 58 41 41 113 198 232 249 254 255 255 253 243 217 145 41 13 6 22 
201 14 0 9 76 207 253 255 255 252 224 123 56 40 36 115 201 233 249 255 255 254 253 243 219 151 40 16 7 23 
202 13 1 11 78 207 253 255 255 252 229 125 57 41 40 123 199 235 249 255 255 255 253 244 218 148 39 17 7 22 
202 9 2 11 73 210 253 255 255 254 233 133 62 42 48 126 202 236 249 255 255 255 253 245 219 141 38 15 8 21 
200 8 2 12 70 208 254 255 255 254 239 154 70 45 62 143 204 237 247 255 255 255 251 245 221 138 39 12 7 20 
205 8 1 12 65 210 254 255 255 255 245 179 85 47 75 163 205 237 251 255 255 255 251 245 220 135 42 11 6 19 
213 9 2 13 68 220 254 255 255 255 248 207 114 73 106 180 205 237 252 255 255 255 251 245 219 134 40 10 4 19 
214 14 4 15 73 225 254 255 255 254 253 231 174 141 173 195 213 236 254 255 255 255 251 247 221 131 36 9 4 15 
212 24 5 15 76 226 254 255 255 255 254 247 229 213 216 201 219 237 254 255 255 255 251 247 226 126 36 9 4 8 
225 40 14 24 91 228 254 255 255 255 254 253 254 240 225 205 229 243 254 255 255 255 251 248 229 134 38 11 4 12 
236 67 34 44 121 233 254 255 255 255 255 255 254 246 236 218 235 249 254 255 255 255 252 249 234 147 44 16 5 17 
245 92 58 66 154 239 254 255 255 255 255 255 254 252 246 241 247 252 254 255 255 255 252 250 245 174 54 20 9 30 
250 148 86 104 203 249 255 255 255 255 255 255 255 255 252 251 252 254 255 255 255 255 253 251 247 199 81 41 20 77 
251 209 134 162 230 254 255 255 255 255 255 255 255 254 255 254 255 254 255 255 255 255 253 252 249 229 139 73 65 140 
