254 254 253 248 235 221 212 213 217 217 214 219 221 220 223 228 228 232 232 228 229 226 219 215 204 192 163 133 120 171 
254 254 250 233 203 175 161 154 155 156 156 159 158 159 162 168 173 173 174 160 153 143 131 122 112 98 84 68 69 104 
253 253 239 197 151 120 103 97 93 90 82 75 69 64 65 65 66 60 54 51 46 40 38 38 38 34 29 28 32 53 
254 249 213 145 100 66 47 40 37 30 26 20 16 13 11 11 10 10 8 5 6 7 9 8 9 11 11 8 11 23 
253 240 170 96 48 26 17 13 10 9 8 5 4 3 0 0 0 0 0 0 0 1 2 3 3 2 3 4 4 9 
251 222 124 50 16 8 4 2 3 2 1 0 0 0 0 0 0 0 0 0 0 0 0 1 1 1 1 0 1 4 
247 191 78 19 5 2 1 1 0 0 0 0 0 0 0 0 0 0 0 0 0 0 0 0 0 0 0 1 0 3 
241 152 37 8 1 1 1 2 2 2 2 2 2 1 0 0 0 0 0 0 0 0 1 1 2 3 3 2 2 8 
234 110 18 3 1 5 10 14 15 14 13 15 15 11 3 0 0 0 0 0 0 8 16 21 24 25 27 27 24 49 
223 73 7 0 4 18 39 48 50 52 51 57 63 53 18 3 0 0 0 0 13 48 76 90 88 92 96 93 96 127 
204 40 2 0 10 45 84 102 111 118 126 133 139 121 63 9 0 0 0 4 45 104 141 156 164 165 165 157 162 185 
183 26 0 1 16 75 137 164 182 190 198 200 202 183 117 24 1 0 0 9 78 156 193 204 209 211 208 205 207 219 
158 14 0 1 24 115 181 210 222 229 233 234 231 217 169 42 2 0 0 13 106 191 225 233 237 235 234 233 232 239 
140 10 0 1 29 140 208 234 242 246 248 248 247 237 195 59 5 0 1 20 131 215 241 249 250 248 247 247 245 248 
126 8 0 2 33 156 222 245 251 253 253 254 253 244 209 77 7 0 1 24 140 225 248 253 253 251 251 250 250 250 
120 6 0 1 35 165 231 251 254 254 255 254 254 249 218 83 9 0 1 23 147 231 250 254 254 254 253 253 251 252 
117 6 0 2 35 166 236 252 255 255 255 255 254 250 224 85 10 0 1 22 148 231 251 254 254 254 254 254 254 254 
112 5 0 2 36 164 239 253 254 255 255 255 254 251 225 82 9 0 1 22 149 231 251 255 255 254 255 255 254 254 
116 5 0 2 36 165 239 253 255 254 255 255 254 253 225 78 8 0 1 19 144 231 252 255 255 255 255 255 254 254 
117 7 0 3 34 166 238 253 255 254 255 255 254 252 224 74 7 0 2 19 140 232 252 254 255 255 255 255 254 254 
118 7 0 3 32 164 237 252 255 254 254 255 254 252 221 70 7 0 2 17 139 233 252 254 255 255 255 255 254 254 
118 7 0 2 30 163 237 253 254 254 254 255 255 252 222 72 8 0 2 18 144 235 254 255 255 255 255 255 254 254 
111 5 0 2 28 161 238 253 254 255 255 255 255 253 224 77 10 0 2 19 153 238 254 255 255 255 255 255 254 254 
102 4 0 1 27 157 239 252 255 255 255 255 255 253 231 95 14 2 3 28 170 243 254 255 255 255 255 255 254 254 
95 4 0 1 26 154 239 253 254 255 255 255 255 253 239 126 27 5 6 50 199 246 254 255 255 255 255 255 254 254 
96 4 0 0 24 157 240 252 254 254 255 255 255 254 248 170 59 21 25 100 221 249 255 255 255 255 255 255 254 254 
113 6 0 1 25 164 239 252 254 254 254 255 255 254 252 216 123 75 88 166 236 251 254 255 255 255 255 255 254 254 
157 11 0 1 29 180 241 253 254 254 255 255 255 254 254 243 199 155 162 217 246 253 254 255 255 255 255 255 254 254 
195 27 3 3 47 201 247 253 254 254 255 255 255 255 254 251 238 224 222 241 251 254 255 255 255 255 255 255 254 254 
231 76 8 9 96 225 250 254 254 254 254 255 255 254 255 254 248 243 244 251 252 254 254 255 255 255 255 255 254 254 
