254 254 254 253 245 233 229 231 235 238 242 243 244 244 245 245 246 244 241 241 240 238 236 237 239 244 249 253 254 254 
254 254 253 240 199 160 140 135 139 143 146 148 152 155 157 158 158 157 153 148 142 140 140 146 161 190 224 247 253 254 
254 254 246 191 121 84 66 59 56 53 51 47 44 40 38 36 36 35 34 34 37 41 45 53 67 94 143 209 247 253 
254 252 216 117 62 34 22 17 14 12 10 8 7 5 5 5 4 4 4 5 6 7 8 9 16 28 57 121 217 251 
254 246 158 64 23 9 5 4 3 2 2 2 1 1 1 0 0 0 0 0 0 1 1 2 3 6 16 50 148 240 
254 228 100 27 7 2 1 1 1 1 1 0 0 0 0 0 0 0 0 0 0 0 0 0 0 1 4 15 74 206 
252 190 56 10 1 2 4 4 5 4 3 2 3 2 2 2 1 1 2 1 2 2 2 1 0 0 0 5 27 145 
250 147 26 3 2 9 20 28 28 26 24 22 21 21 21 21 22 19 17 17 19 20 16 9 2 0 0 1 8 80 
243 102 10 1 9 33 64 84 91 89 88 88 88 90 95 101 102 99 95 95 99 101 89 55 20 3 0 0 3 35 
234 67 3 1 21 73 127 155 169 173 173 179 184 189 192 197 199 198 196 198 200 198 184 148 80 19 2 0 1 15 
224 41 1 3 38 122 182 210 223 228 230 233 235 236 237 236 236 238 239 240 241 239 234 216 166 65 8 1 1 6 
213 26 1 6 57 164 218 238 245 248 249 250 250 250 248 247 247 248 250 251 251 250 249 243 219 132 20 2 1 4 
202 18 0 9 77 194 238 249 252 253 253 253 253 253 252 249 249 251 252 253 253 253 253 251 241 186 38 4 1 3 
195 12 0 11 93 212 245 252 254 254 254 254 254 254 253 248 244 250 253 253 254 254 254 253 248 214 59 6 1 3 
191 9 0 12 102 222 249 253 254 254 254 254 254 254 251 230 211 238 251 253 254 254 254 253 250 226 76 7 1 4 
187 7 0 13 107 225 249 254 254 255 255 255 254 254 243 159 115 185 245 253 254 254 254 254 251 231 86 8 1 8 
188 6 0 12 103 222 249 254 254 255 255 255 254 253 220 82 37 105 227 252 254 254 254 254 251 231 87 8 2 19 
192 7 0 10 91 212 247 253 254 254 255 255 254 252 190 41 10 49 201 249 253 254 254 254 250 224 78 8 3 47 
196 7 0 7 72 191 238 252 254 254 254 255 254 249 164 22 3 23 172 244 253 253 254 253 247 209 64 7 5 94 
203 9 0 5 50 152 218 247 254 254 255 254 254 248 147 15 1 11 138 236 251 252 252 250 238 178 43 6 14 148 
212 13 0 2 25 102 179 235 252 254 254 255 254 246 142 12 1 5 103 220 245 249 247 240 213 123 24 4 31 182 
224 23 1 0 10 52 125 212 249 254 254 255 254 246 140 10 0 2 61 178 219 232 227 207 150 60 10 3 41 194 
234 44 3 0 3 18 73 183 246 254 254 255 254 246 141 11 0 1 23 89 143 168 163 126 68 20 3 2 37 189 
243 77 9 2 1 6 38 150 242 254 254 255 254 247 142 12 0 0 4 22 44 65 63 40 17 5 1 1 21 168 
249 122 24 6 2 4 26 126 241 254 254 255 254 248 148 14 0 0 0 2 6 11 12 7 3 1 1 2 8 133 
251 171 54 19 9 8 29 126 241 254 255 255 254 249 157 18 0 0 0 0 1 2 2 1 1 1 1 2 5 96 
253 212 101 45 27 23 47 146 243 254 254 255 254 252 179 28 2 0 0 0 1 1 1 1 1 2 2 2 8 76 
254 239 159 93 61 56 84 185 248 254 255 255 254 253 208 52 6 1 1 1 1 2 3 3 4 5 5 7 16 85 
254 250 212 157 122 113 142 221 251 254 254 255 254 254 235 106 27 11 9 9 9 11 13 16 17 20 20 22 39 122 
254 253 242 209 180 175 201 243 253 254 255 255 255 254 250 193 101 66 65 67 68 69 72 76 77 79 75 67 87 181 
