253 247 238 238 237 240 246 244 245 246 246 249 250 250 249 249 250 251 249 247 248 246 246 247 246 244 236 225 220 244 
251 229 190 175 176 185 192 198 202 204 207 215 219 220 218 219 216 216 213 202 196 188 179 176 168 157 148 123 127 189 
244 182 132 115 110 110 115 114 115 115 119 127 128 130 131 123 115 113 94 87 79 78 73 69 64 68 62 59 65 113 
236 129 77 62 58 57 52 43 44 43 43 41 39 39 38 34 28 27 20 21 23 25 27 24 27 26 29 28 30 58 
227 81 34 22 15 13 11 10 8 9 10 10 9 7 7 6 6 4 4 5 5 7 8 9 9 10 12 14 15 31 
220 54 11 5 3 3 2 2 1 2 1 1 1 1 1 0 0 1 1 2 2 2 2 2 2 3 3 4 8 18 
217 49 8 3 2 2 1 2 1 2 1 1 1 1 0 0 0 0 0 0 1 2 2 2 3 4 3 4 6 21 
224 81 23 16 14 12 11 10 12 9 6 4 3 1 0 0 0 1 3 6 9 10 13 12 16 17 18 19 21 53 
234 132 64 48 47 47 49 48 49 45 29 18 8 4 0 0 1 11 29 43 50 55 59 67 68 69 67 64 70 127 
245 181 123 105 103 108 110 116 121 119 97 52 22 12 3 0 8 37 80 109 132 147 152 159 159 162 158 150 158 193 
250 222 179 161 165 173 178 186 190 192 174 122 42 23 7 1 20 82 144 185 209 219 219 218 220 222 220 213 209 225 
253 243 220 209 217 221 228 232 238 235 220 170 68 33 14 2 31 121 183 221 239 244 244 246 247 245 242 240 239 245 
253 250 243 239 240 242 248 250 251 249 241 203 90 39 21 4 41 147 202 232 249 251 252 252 253 252 251 250 249 250 
253 250 250 250 248 249 250 252 254 253 248 220 106 45 23 6 50 162 212 240 252 254 254 254 254 254 253 253 253 253 
254 251 251 252 251 251 252 253 255 254 251 228 113 47 27 8 58 170 214 242 252 254 254 254 254 254 254 254 253 253 
253 252 252 252 252 252 253 254 255 254 253 231 117 49 28 8 58 173 216 243 253 255 254 254 254 255 255 254 254 254 
253 252 252 252 252 252 252 254 255 254 253 231 119 49 29 8 57 171 217 242 253 254 255 255 255 254 254 254 255 254 
254 251 251 251 252 252 253 254 255 254 253 228 117 51 27 7 53 165 214 241 253 254 255 254 254 254 254 254 254 254 
253 252 250 250 250 251 253 254 254 254 252 222 110 49 25 6 47 148 204 237 250 254 254 254 253 253 253 252 252 252 
253 250 248 248 249 249 251 251 252 252 246 208 98 45 21 2 36 130 189 227 247 252 252 248 248 246 244 240 239 246 
253 248 240 235 235 240 242 243 245 243 230 178 74 38 16 1 22 98 164 205 224 232 232 228 222 217 210 204 206 228 
252 237 212 200 199 203 205 208 209 207 187 128 52 27 11 0 14 53 115 158 175 176 174 168 164 161 156 147 147 185 
249 205 145 126 125 123 126 125 131 122 107 63 26 13 4 0 5 20 53 84 99 98 96 96 97 98 95 81 87 133 
244 149 71 51 49 49 48 47 46 43 30 15 7 4 1 0 0 4 14 20 24 29 27 30 34 35 34 30 30 71 
233 91 25 15 14 13 12 11 9 7 5 2 1 1 0 0 0 0 0 1 3 3 3 5 4 3 3 3 5 26 
227 53 8 3 3 3 2 2 1 0 0 0 0 0 0 0 0 0 0 0 0 1 0 1 0 0 1 2 4 15 
220 50 8 3 2 2 2 1 1 1 0 1 0 0 0 1 1 1 1 0 1 1 1 1 2 5 5 6 9 25 
221 72 16 9 7 7 6 6 6 6 4 5 6 6 4 5 7 6 7 7 8 9 10 14 17 19 21 21 29 60 
236 113 42 27 28 30 28 27 27 29 35 36 38 42 44 47 47 46 45 51 52 52 55 62 70 74 71 67 73 112 
248 181 102 74 78 85 91 93 99 105 114 128 144 148 151 153 156 151 145 147 145 138 141 142 144 141 134 125 128 174 
