205 255 255 255 255 255 255 255 255 255 255 255 255 255 255 255 255 255 255 255 255 255 255 254 235 210 197 192 224 255 
211 245 255 255 255 255 255 255 255 255 255 255 255 255 255 255 255 255 255 255 255 255 255 230 164 94 139 157 161 210 
194 232 255 254 245 245 255 255 255 255 255 255 255 255 255 255 255 255 255 255 255 255 254 192 116 42 83 128 157 205 
202 235 255 247 235 245 250 255 255 255 255 255 255 255 255 255 255 255 255 255 255 255 250 176 80 39 42 107 148 187 
213 240 249 225 224 225 225 255 255 255 255 255 255 255 255 255 255 255 255 255 255 255 223 162 69 39 27 102 138 166 
206 250 228 215 206 202 205 233 255 255 255 255 255 255 255 255 255 255 255 255 255 255 216 138 61 29 10 88 127 166 
196 245 217 205 199 152 165 219 243 255 255 255 255 255 255 255 255 255 255 255 255 255 216 136 60 26 9 88 130 158 
206 230 207 205 174 147 145 190 230 245 248 255 255 255 255 255 255 255 255 255 255 255 210 118 55 26 0 82 130 147 
215 205 187 176 147 137 127 179 205 239 245 245 239 255 251 254 255 255 245 255 240 254 196 117 53 24 0 83 130 148 
195 176 145 123 135 107 117 137 190 216 234 234 221 227 229 233 252 248 240 245 235 231 189 109 39 22 0 76 137 148 
190 157 131 90 119 106 109 125 166 177 187 196 204 204 194 196 204 196 205 209 204 195 142 74 38 24 0 76 143 148 
155 138 127 86 80 87 97 107 137 137 144 152 155 156 151 147 150 139 123 131 124 101 96 49 29 9 0 76 133 147 
153 137 127 78 58 52 79 86 102 108 98 104 100 77 80 72 70 74 77 69 51 47 51 31 29 8 0 85 142 147 
151 135 126 78 51 41 46 30 37 56 49 49 39 39 51 50 44 48 40 14 13 18 6 9 9 0 0 84 147 147 
147 133 125 78 49 20 19 19 19 28 34 16 16 16 9 8 5 5 5 1 0 0 0 0 0 0 0 85 147 147 
145 133 125 78 49 9 4 9 9 4 4 0 0 0 0 0 0 0 0 0 0 0 0 0 0 0 0 92 146 147 
153 137 125 78 49 9 0 0 0 0 0 0 0 0 0 0 0 0 0 0 0 0 0 0 0 0 0 82 147 152 
150 137 125 78 49 9 0 0 0 0 0 0 0 0 0 0 0 0 0 0 0 0 0 0 0 0 0 75 137 154 
151 142 125 78 49 9 0 0 0 1 0 19 19 12 0 1 0 0 0 0 0 0 0 0 0 0 0 74 137 156 
160 147 125 78 49 9 0 0 27 22 35 29 38 32 27 29 29 29 36 24 19 25 17 0 0 0 3 77 151 156 
146 137 125 78 58 14 4 24 42 73 69 77 108 109 93 77 67 81 81 94 102 114 79 42 5 0 4 79 147 156 
148 137 135 78 58 28 44 73 120 162 173 209 237 213 214 194 179 187 208 211 229 225 152 91 29 0 0 61 143 156 
163 137 134 86 66 63 74 151 208 232 237 244 245 251 244 242 240 252 251 254 254 250 189 106 41 9 0 61 142 158 
180 152 141 88 85 121 123 172 232 245 254 255 255 255 255 255 255 254 255 255 255 254 204 117 48 19 0 58 142 166 
159 154 149 97 99 138 161 190 250 255 255 255 255 255 255 255 255 255 255 255 255 255 225 119 60 26 0 68 142 166 
186 162 156 146 130 184 191 208 254 255 255 255 255 255 255 255 255 255 255 255 255 255 225 135 82 26 0 68 147 166 
186 203 160 166 184 225 211 246 255 255 255 255 255 255 255 255 255 255 255 255 255 255 227 142 88 41 9 89 147 166 
186 234 183 198 250 235 224 254 255 255 255 255 255 255 255 255 255 255 255 255 255 255 237 163 88 45 32 122 147 166 
186 236 232 235 254 235 244 255 255 255 255 255 255 255 255 255 255 255 255 255 255 255 245 180 104 52 56 137 155 167 
186 245 235 250 255 245 247 255 255 255 255 255 255 255 255 255 255 255 255 255 255 255 255 216 142 109 119 143 161 179 
