249 249 251 252 252 253 253 253 253 254 253 253 252 250 251 251 252 253 252 246 211 131 85 90 114 149 193 229 243 250 
250 249 251 252 253 253 253 253 253 253 254 253 252 251 251 250 251 252 252 234 140 48 14 18 33 71 129 197 231 245 
249 252 251 252 253 253 253 253 253 253 254 253 253 251 251 251 251 252 250 211 72 14 2 1 4 13 40 112 200 237 
250 251 252 251 253 253 253 253 253 253 254 254 253 252 251 251 251 252 248 177 49 6 0 0 0 3 9 34 132 221 
251 251 251 250 252 253 254 254 254 254 254 254 253 253 253 253 252 251 246 164 39 4 0 0 0 0 3 9 46 186 
250 250 248 248 250 253 253 253 254 254 254 254 254 254 254 254 252 252 247 166 41 4 1 0 0 1 1 3 15 122 
249 247 242 243 247 251 253 253 253 254 254 254 254 254 254 254 253 252 247 181 56 7 3 2 1 1 2 3 7 61 
247 242 230 232 239 249 253 254 254 255 255 255 255 255 255 255 254 253 249 208 97 25 8 5 2 1 1 2 4 27 
245 227 205 209 229 244 252 254 254 255 255 255 255 255 255 255 254 253 249 232 152 81 46 29 10 3 2 2 3 14 
239 204 167 181 207 237 250 253 254 255 255 255 255 255 255 255 254 253 251 243 213 165 134 101 43 12 2 2 2 8 
229 161 122 134 184 226 247 252 254 255 255 255 255 255 255 255 254 253 252 249 241 228 210 177 109 26 4 1 2 5 
209 116 67 83 144 216 245 252 254 255 255 255 255 255 255 255 255 254 253 252 250 245 237 220 166 59 10 2 2 3 
186 66 27 35 103 202 241 250 254 255 255 255 255 255 255 255 255 254 254 253 252 251 248 236 202 87 16 2 2 3 
155 32 7 16 70 187 238 251 254 254 255 255 255 255 255 255 255 255 254 255 253 253 250 243 218 109 19 2 2 3 
124 15 2 5 47 176 237 250 254 255 255 255 255 255 255 255 255 255 255 255 254 253 252 246 225 123 23 2 2 2 
100 8 1 3 37 163 234 250 254 254 255 255 254 255 255 255 255 255 255 255 255 254 253 248 223 127 26 2 1 3 
87 5 1 3 34 153 229 248 252 254 254 254 255 254 255 255 255 255 255 255 255 254 253 247 218 126 24 3 1 3 
89 4 0 3 32 146 223 245 251 253 254 254 254 254 254 254 254 254 254 254 254 253 252 243 210 112 22 2 1 2 
94 4 0 2 28 133 211 238 247 250 251 250 252 253 253 253 252 251 252 252 252 250 245 233 189 89 18 2 1 2 
100 2 1 2 25 113 189 221 234 239 239 242 245 244 243 242 238 238 239 238 238 235 230 210 158 66 11 2 1 4 
111 4 1 2 21 89 150 185 195 203 205 203 209 208 206 203 199 198 202 200 201 199 193 169 113 41 6 2 2 5 
119 5 1 2 13 57 98 120 130 133 131 129 125 125 123 121 121 122 125 125 131 131 126 106 60 17 3 2 2 8 
123 9 1 1 6 27 43 56 58 60 55 55 50 46 44 43 44 42 41 45 50 51 54 44 23 5 2 2 2 16 
133 16 1 1 1 5 10 12 14 13 13 10 10 9 10 10 8 8 9 10 9 10 11 10 3 2 1 2 4 43 
156 30 2 1 0 1 1 2 2 2 2 2 1 1 1 1 1 1 2 3 2 1 1 0 0 1 1 3 13 82 
179 45 5 1 0 0 0 0 0 0 0 0 0 0 0 0 0 0 0 2 1 0 0 0 1 1 3 7 38 134 
201 66 13 3 1 0 0 0 0 0 0 0 0 0 0 0 0 0 0 2 1 0 0 0 2 4 7 27 83 185 
217 101 28 10 6 4 4 3 2 1 1 1 1 0 1 1 1 1 2 3 2 2 3 5 8 12 32 71 142 222 
232 152 61 28 21 16 14 12 11 10 7 7 9 8 7 7 8 10 11 14 16 18 23 29 33 47 82 133 201 242 
242 203 111 70 51 50 48 46 42 38 43 45 44 49 53 56 53 56 60 59 68 70 73 79 90 114 156 202 240 251 
