252 249 233 230 236 242 245 245 244 245 245 248 249 250 250 250 248 250 249 249 246 246 244 238 234 232 223 207 199 241 
251 221 183 174 177 186 191 195 197 201 201 208 216 220 217 217 218 214 214 207 193 180 170 157 146 135 112 100 114 177 
243 178 128 116 115 118 113 113 112 108 110 111 118 122 120 111 102 101 90 81 69 61 55 51 48 43 40 40 48 98 
232 124 72 60 54 51 48 45 42 42 42 40 37 36 33 29 27 24 20 14 14 12 14 14 12 13 14 15 19 49 
216 77 30 21 17 15 14 12 11 11 10 8 6 5 3 3 2 2 2 3 2 2 2 3 4 6 7 8 10 25 
207 42 13 7 5 3 2 2 1 2 0 0 0 0 0 0 0 0 0 0 0 0 0 1 1 0 3 5 7 16 
207 36 7 2 1 1 1 0 1 0 0 0 0 0 0 0 0 0 0 0 0 0 0 1 1 2 4 4 6 23 
216 54 12 8 7 7 8 7 9 9 6 2 0 0 0 0 0 0 0 0 1 9 14 16 14 18 18 15 19 59 
227 113 42 32 38 40 46 52 55 51 39 20 5 0 0 0 0 0 0 0 21 49 66 75 77 76 69 62 71 125 
240 173 116 99 101 111 120 125 126 117 88 50 13 0 0 0 0 0 0 17 70 121 149 165 162 161 151 143 148 189 
247 213 173 164 169 179 184 187 182 162 123 65 19 0 0 0 0 0 1 40 115 166 195 208 217 215 213 211 214 230 
251 240 220 215 216 222 226 221 207 188 138 68 14 0 0 0 0 0 5 51 137 190 220 231 240 243 242 240 240 248 
253 248 242 238 240 241 242 236 219 193 133 52 4 0 0 0 0 0 2 48 138 199 227 240 249 251 251 250 251 253 
253 252 251 250 250 249 249 242 221 185 105 21 0 0 0 0 0 0 0 27 119 190 223 241 250 253 253 253 253 254 
253 255 252 252 252 252 251 239 211 148 50 4 0 0 0 0 0 0 0 7 66 152 210 233 247 252 254 254 255 254 
254 254 254 254 253 251 247 225 173 72 13 1 0 1 1 1 1 0 0 1 13 80 163 216 239 248 252 252 253 254 
254 254 254 254 252 249 233 185 90 16 4 1 6 12 18 13 8 1 0 0 1 15 76 157 212 237 246 251 252 253 
253 253 253 252 247 236 187 99 22 5 3 3 27 74 96 66 26 10 2 1 0 0 12 65 138 199 232 244 249 250 
253 252 251 248 236 189 107 27 6 2 5 24 93 161 180 162 103 37 11 3 2 0 1 9 53 122 183 219 238 247 
252 250 247 236 197 114 37 7 2 4 14 74 172 217 228 223 191 120 41 13 3 2 1 1 10 50 108 161 207 237 
251 247 234 196 124 41 11 3 3 11 54 156 226 244 249 245 235 198 119 45 13 3 1 0 0 7 33 87 146 207 
250 239 200 128 49 8 3 2 7 37 138 220 245 252 253 254 251 243 203 134 55 16 4 2 0 0 6 25 81 152 
247 219 137 56 10 3 2 6 29 118 212 244 252 253 254 254 254 252 242 212 146 63 22 8 3 1 1 3 24 97 
247 178 62 13 2 3 5 24 98 200 242 252 253 255 255 255 254 254 251 241 217 154 78 31 11 6 2 1 4 37 
239 111 17 3 3 6 18 79 191 241 251 253 254 254 255 255 254 254 253 251 245 227 169 85 38 14 7 2 2 15 
228 56 6 4 6 17 69 176 233 249 253 254 254 255 255 255 255 255 254 253 252 247 231 175 98 45 14 7 4 10 
211 31 6 6 15 61 164 226 249 253 254 255 255 255 255 255 255 255 255 254 254 253 249 228 179 106 48 18 11 22 
198 32 11 13 44 147 223 245 252 253 254 254 255 255 255 255 255 255 254 255 254 254 253 249 233 183 109 50 31 46 
206 51 23 35 121 213 245 252 253 254 254 255 255 255 255 255 255 255 255 255 255 255 254 253 249 234 187 114 76 85 
232 86 47 100 197 238 251 253 253 254 255 255 255 255 255 255 255 255 255 255 255 255 254 254 254 249 230 180 128 140 
