240 214 180 178 183 184 189 197 205 209 209 208 206 202 202 203 205 204 196 191 189 185 184 177 176 168 155 134 154 209 
229 169 129 124 125 128 129 130 134 139 140 134 133 130 129 129 124 116 112 105 100 93 92 87 90 87 79 72 90 157 
195 117 85 78 77 77 75 72 73 68 63 56 50 46 44 38 35 32 29 29 29 27 25 26 30 30 31 32 42 94 
146 73 44 41 38 35 33 32 28 20 18 15 13 11 10 9 8 6 5 6 6 5 6 7 8 9 11 12 19 48 
106 37 17 12 11 10 9 9 7 3 2 2 2 1 1 1 1 1 1 1 1 2 3 3 4 4 3 5 9 24 
79 15 5 2 3 2 3 2 1 0 0 0 0 0 0 0 0 0 0 0 0 1 1 2 1 2 2 3 4 14 
72 8 2 1 1 0 0 0 0 0 0 0 0 0 0 0 0 0 0 0 0 0 0 1 0 0 1 1 2 7 
103 15 3 2 2 2 1 1 1 2 1 1 2 3 2 2 2 2 3 2 1 2 3 3 2 0 0 0 0 5 
139 50 19 13 13 15 16 16 15 15 15 13 12 12 12 14 14 14 14 14 15 18 19 20 10 2 0 0 0 3 
175 96 55 47 52 52 53 53 51 51 52 49 47 47 48 50 49 51 54 54 57 67 71 70 46 12 1 0 0 2 
207 144 110 100 104 111 114 115 116 116 115 120 121 120 124 125 124 129 132 137 146 152 152 136 94 31 2 0 0 2 
229 191 161 158 161 169 172 174 176 179 180 185 190 190 194 199 200 201 203 205 210 211 205 187 140 55 5 0 0 2 
242 219 202 201 205 210 214 217 221 224 227 228 230 231 232 234 237 236 235 237 240 239 231 214 167 75 9 0 0 1 
247 238 231 231 234 237 237 239 242 245 246 246 247 248 249 248 249 248 248 249 250 248 243 227 186 91 11 0 0 2 
250 246 244 245 248 248 248 249 249 251 252 253 252 253 253 253 253 253 254 253 253 252 249 235 197 104 12 1 0 2 
251 250 251 252 252 252 252 252 253 253 254 254 254 254 254 254 254 254 254 254 253 253 251 239 203 107 12 2 1 2 
252 251 252 253 254 254 254 254 254 254 254 255 254 254 254 254 254 254 254 254 253 253 251 241 205 108 13 2 2 3 
252 253 253 254 254 255 254 254 254 255 255 255 255 254 254 254 254 254 254 254 253 253 250 241 204 104 12 2 2 4 
253 253 253 254 254 255 255 255 254 255 255 255 255 254 254 254 254 254 254 254 253 252 248 237 196 97 12 2 2 5 
253 254 254 254 254 255 255 255 254 255 255 255 255 255 254 254 254 254 254 253 252 251 243 227 183 82 10 2 2 6 
253 254 254 254 254 254 255 254 255 255 255 255 255 254 254 254 254 254 253 253 250 244 230 205 151 59 7 1 2 5 
253 255 254 254 254 254 255 255 255 255 255 255 255 255 254 255 254 254 254 252 245 224 189 155 104 37 3 1 3 6 
253 254 254 254 254 254 255 255 255 255 255 255 255 255 254 254 255 255 253 251 229 170 106 80 50 16 1 1 3 7 
253 254 254 254 254 255 255 255 255 255 255 255 255 255 255 255 255 254 253 247 202 101 38 18 14 3 1 1 3 7 
252 254 254 254 254 255 255 255 255 255 255 255 255 255 255 255 255 254 254 243 174 55 12 3 2 1 0 1 4 8 
253 254 254 254 255 255 255 255 255 255 255 255 255 255 254 255 254 254 253 239 148 38 6 2 1 1 1 2 4 11 
253 254 254 255 255 255 255 255 255 255 255 255 255 255 254 255 254 254 253 239 143 32 4 1 1 1 1 2 4 16 
254 254 254 254 254 255 255 255 255 254 254 255 255 255 255 255 255 255 253 242 151 34 5 1 1 2 2 4 7 33 
254 254 254 254 255 255 255 255 255 254 255 255 255 255 254 254 254 254 254 244 175 47 7 2 2 3 5 7 17 80 
253 254 254 254 254 254 255 255 254 254 255 255 255 255 254 254 254 254 254 249 214 90 19 8 7 9 16 22 57 156 
