254 252 244 246 250 251 252 253 254 254 253 253 254 254 254 254 254 253 253 252 253 253 253 251 251 252 249 240 237 250 
254 238 204 198 209 218 224 229 231 236 240 239 239 238 235 233 230 227 226 225 223 221 210 197 189 176 157 136 151 212 
252 201 146 134 138 144 148 151 156 157 163 162 157 155 152 149 139 129 121 112 104 97 92 84 77 71 63 60 72 139 
248 152 91 79 79 81 80 79 73 72 68 65 58 53 47 48 42 37 33 29 27 27 27 28 28 26 25 27 36 77 
243 102 43 32 29 28 25 22 22 18 16 15 14 13 13 11 13 10 10 7 6 5 7 8 10 11 13 12 15 45 
242 71 18 8 6 7 5 4 3 2 1 3 2 2 2 3 2 3 2 1 1 1 1 2 4 4 4 5 9 34 
236 65 8 3 2 2 1 1 0 0 0 0 0 0 2 2 2 3 2 2 1 2 1 2 3 2 2 3 7 44 
243 95 13 3 1 2 0 0 0 0 0 0 2 4 8 13 15 15 14 13 12 12 15 17 20 21 18 18 28 84 
248 142 52 14 7 3 2 1 0 0 0 0 8 17 31 45 60 67 68 66 69 70 71 80 87 87 81 73 91 165 
250 188 105 62 32 15 5 2 1 0 0 3 14 30 57 80 106 129 143 155 167 169 176 177 183 185 176 167 180 212 
253 229 164 125 94 60 33 12 4 0 0 3 12 35 70 101 145 174 196 216 226 227 230 231 232 229 221 218 224 239 
254 246 217 186 157 128 90 54 24 6 1 2 8 27 65 105 155 196 222 241 247 247 249 248 247 245 243 240 242 246 
254 252 243 232 218 201 168 125 73 27 7 0 2 12 37 91 154 205 235 250 253 254 254 253 252 252 250 248 249 250 
254 254 252 249 245 238 221 190 141 73 20 1 0 1 13 54 125 202 240 252 254 254 254 254 254 254 254 252 251 252 
255 254 254 254 252 249 244 225 185 119 40 2 0 0 3 29 96 189 238 253 254 255 255 255 254 254 254 254 253 254 
255 254 254 254 254 252 248 234 202 140 53 4 0 0 2 23 83 177 237 252 255 255 255 255 255 255 254 254 254 254 
255 255 254 253 253 252 248 237 207 142 59 6 0 0 3 23 85 181 236 252 255 254 255 255 255 255 254 254 254 254 
255 254 253 253 251 251 244 232 196 131 48 6 1 1 5 37 107 195 238 252 254 254 255 255 255 255 254 254 254 254 
254 252 250 248 246 242 231 205 165 94 29 3 3 5 22 69 139 208 238 251 254 254 254 254 254 254 254 253 253 254 
254 250 245 240 231 221 196 158 101 40 6 2 7 21 48 94 155 204 234 248 252 252 253 252 252 251 249 247 247 251 
253 245 232 216 195 167 129 78 32 6 2 4 12 32 63 100 145 187 217 234 242 245 244 241 239 233 231 222 225 244 
252 234 200 168 130 88 44 14 4 0 0 4 13 31 60 92 124 153 174 189 199 203 203 203 194 187 173 165 170 212 
251 215 152 92 48 19 5 1 0 0 0 2 6 21 40 63 86 98 104 110 117 111 112 108 108 102 91 86 99 156 
251 177 69 22 6 1 1 0 0 0 0 1 2 6 15 21 27 31 33 33 31 30 27 26 28 28 26 25 37 93 
250 122 24 4 1 0 1 0 0 0 0 0 0 1 2 4 4 5 4 4 5 4 4 4 3 4 3 4 7 45 
248 80 12 4 3 2 2 1 1 1 0 0 0 0 1 1 1 1 0 0 2 1 1 1 1 1 2 2 6 29 
245 70 18 8 7 7 6 6 5 5 4 4 3 2 2 3 2 1 0 2 4 3 3 4 4 3 3 4 12 39 
244 89 31 18 14 17 17 16 16 15 14 15 13 14 18 18 17 15 11 9 14 14 18 20 21 19 18 20 26 70 
247 138 61 44 43 47 49 50 53 58 62 64 64 69 71 71 70 66 64 63 60 58 63 65 70 68 65 59 71 126 
251 205 116 92 97 109 123 138 148 156 164 171 176 174 175 173 177 172 172 167 164 163 161 160 159 155 146 138 148 189 
