254 251 244 241 249 251 252 252 252 252 253 253 254 253 254 253 252 252 252 252 253 252 250 249 248 247 244 232 228 245 
252 229 194 180 186 201 213 218 226 226 229 228 231 230 228 226 221 218 220 218 209 203 200 190 182 168 149 130 136 196 
246 184 125 115 113 119 128 134 136 135 132 133 132 125 115 110 105 95 88 86 85 82 74 68 70 66 59 51 62 113 
240 133 76 60 58 61 60 58 55 50 46 42 40 35 27 24 20 17 18 17 15 19 20 19 20 21 21 20 24 57 
234 89 31 17 18 15 13 14 13 10 7 5 5 5 6 5 4 4 4 5 5 6 6 6 7 7 8 7 10 29 
233 58 10 2 2 2 1 1 1 0 0 0 0 1 1 1 2 1 2 3 3 3 4 4 4 4 4 4 6 18 
235 59 5 0 0 0 0 0 0 0 0 0 0 0 0 0 1 1 1 3 3 3 4 3 4 5 5 4 7 23 
241 105 21 4 0 0 0 0 0 0 0 0 0 1 5 7 7 9 9 8 10 10 12 13 15 14 14 13 20 62 
246 166 77 36 14 4 0 0 0 0 0 0 0 15 35 48 65 74 76 84 86 86 87 83 83 81 75 74 86 144 
249 207 145 104 70 26 6 1 0 0 0 0 5 33 68 101 136 161 181 187 190 194 196 191 186 182 173 162 169 209 
251 235 201 169 142 101 48 12 2 0 0 0 5 40 88 130 174 207 222 232 236 238 238 238 234 232 230 228 228 238 
252 249 238 223 203 172 125 69 21 4 0 0 4 28 86 141 188 220 235 244 247 248 247 248 248 248 247 246 245 248 
252 252 249 246 239 225 197 153 96 39 7 1 1 13 66 128 185 221 237 245 249 250 250 251 251 252 252 251 250 251 
252 253 254 253 251 249 240 219 184 120 53 15 3 6 34 87 158 210 236 246 250 252 252 253 253 252 252 252 252 252 
252 253 254 254 254 254 254 250 233 204 153 79 31 15 17 42 104 173 220 239 249 252 253 254 254 254 253 253 253 253 
253 254 255 255 255 255 254 254 249 243 225 182 117 53 23 23 44 101 165 212 236 247 251 253 254 254 254 254 253 254 
253 254 254 254 255 255 255 254 253 252 248 237 204 141 64 26 19 33 70 140 195 229 242 248 253 254 254 254 254 255 
253 254 253 254 254 254 254 254 254 254 253 251 236 206 136 57 17 9 14 43 105 171 210 232 244 250 253 254 253 254 
254 253 252 252 252 253 253 254 254 254 253 251 243 224 181 121 41 7 2 4 20 70 141 190 219 238 247 251 253 253 
252 251 249 249 249 249 250 251 252 252 253 250 243 226 196 147 83 15 1 0 2 11 45 110 164 203 226 238 245 251 
252 247 238 237 239 241 243 243 245 246 247 244 237 224 198 152 101 40 1 0 0 0 4 27 80 136 178 199 218 239 
251 237 212 204 208 214 217 222 223 226 227 223 219 202 176 137 98 48 4 0 0 0 0 2 16 57 107 139 172 214 
249 212 159 140 139 148 150 152 157 163 157 159 156 152 129 102 74 38 4 0 0 0 0 0 1 8 38 71 109 170 
246 164 77 53 54 60 60 56 56 59 64 63 65 62 54 50 35 14 1 0 0 0 0 0 0 0 3 14 38 105 
241 95 25 12 12 12 10 8 7 8 8 8 7 7 6 5 4 1 0 0 0 0 0 0 0 0 0 1 7 49 
235 53 11 5 3 2 4 3 2 1 2 2 1 1 1 1 0 0 0 0 0 0 1 1 1 1 1 1 5 29 
228 55 16 9 7 5 6 6 5 5 5 4 3 3 3 2 1 1 2 2 2 4 5 6 6 5 5 6 11 37 
236 81 28 18 14 14 15 14 14 13 13 13 13 14 13 13 14 15 17 18 20 20 24 25 27 25 25 25 31 67 
245 130 57 39 36 39 40 40 38 41 41 42 44 49 50 52 57 64 66 67 70 74 75 72 71 69 67 60 69 110 
251 199 118 94 91 103 111 119 124 121 123 129 135 142 145 156 162 166 172 173 177 172 167 163 163 156 136 122 126 168 
