255 255 255 255 255 255 255 255 254 255 245 238 242 239 218 188 210 194 230 230 237 251 254 254 255 255 255 255 255 255 
255 255 255 255 255 254 255 247 227 203 186 184 143 111 67 55 54 60 87 119 104 125 165 213 232 255 255 255 255 255 
255 255 255 255 255 255 233 191 144 134 88 70 45 4 0 9 10 16 15 22 20 31 57 112 158 195 227 243 255 255 
255 255 255 254 243 223 154 115 58 18 10 4 0 0 0 0 1 1 0 0 1 12 12 16 56 112 150 219 252 255 
255 255 255 252 192 145 64 18 0 0 0 0 0 0 0 0 0 0 0 0 0 0 4 7 12 33 68 113 210 254 
255 255 254 227 147 59 9 0 0 0 0 0 0 0 0 0 0 0 0 0 0 0 0 0 0 0 10 51 169 242 
255 255 252 165 59 16 0 0 0 0 0 0 0 0 0 0 0 0 0 0 0 0 0 0 0 0 0 2 52 197 
255 246 209 96 13 0 0 0 0 0 0 0 0 0 0 0 0 0 0 0 0 0 0 0 0 0 0 0 18 155 
255 230 156 15 0 0 0 0 0 5 25 33 40 47 56 66 45 71 27 22 19 20 8 1 0 0 0 0 0 79 
242 192 62 0 0 0 0 10 35 87 99 118 142 172 184 201 192 186 172 172 170 118 91 54 25 0 0 0 0 26 
242 159 12 0 0 0 1 50 140 186 206 213 228 244 250 242 240 238 226 223 214 218 197 167 91 0 0 0 0 1 
242 57 0 0 0 0 57 144 217 229 230 254 255 254 255 252 248 248 248 248 254 254 244 242 167 93 0 0 0 0 
230 12 0 0 0 44 128 214 235 255 255 254 255 255 255 255 255 255 255 255 254 255 255 254 223 135 24 0 0 0 
206 7 0 0 1 74 177 233 242 255 255 255 255 255 255 255 255 255 255 255 255 255 255 255 244 200 33 0 0 0 
193 0 0 0 17 113 196 242 250 255 255 255 255 255 255 255 255 255 255 255 255 255 255 255 254 218 47 0 0 0 
188 5 0 0 16 140 196 242 255 255 255 255 255 255 255 255 255 255 255 255 255 255 255 255 249 218 70 0 0 0 
188 12 5 0 19 120 187 242 254 255 255 255 255 255 255 255 255 255 255 255 255 255 255 255 243 206 74 0 0 0 
212 43 5 0 9 109 171 242 255 255 255 255 255 255 255 255 255 255 255 255 255 255 255 255 243 203 41 0 0 0 
231 48 11 0 0 105 147 218 251 255 255 255 255 255 255 255 255 255 255 255 255 255 255 245 223 186 37 0 0 0 
243 73 12 0 0 45 107 178 222 235 246 245 254 255 254 255 255 254 255 255 254 252 244 242 215 116 26 0 0 0 
254 134 26 0 0 19 40 87 184 227 221 229 239 248 254 246 246 254 241 242 238 228 226 199 164 88 10 0 0 23 
254 186 48 12 0 1 21 36 79 137 151 164 178 214 224 230 230 222 228 228 219 211 163 112 67 10 0 0 2 30 
255 195 94 27 0 0 0 12 17 41 62 81 87 107 159 181 157 161 158 141 133 117 70 34 33 0 0 0 17 80 
254 253 168 46 11 6 0 0 0 1 12 13 25 25 34 45 37 44 43 41 29 17 12 0 0 0 0 0 35 131 
255 254 210 110 28 12 3 0 0 0 0 0 3 11 24 29 12 12 9 6 3 0 0 0 0 0 1 19 77 173 
255 255 251 188 91 25 12 1 0 0 0 0 0 0 6 6 6 1 0 0 0 0 0 0 0 2 19 48 148 217 
255 255 254 240 175 92 29 12 0 0 0 0 0 0 0 0 0 0 0 0 0 0 0 0 0 11 50 111 207 236 
255 255 255 254 237 184 112 51 25 0 0 1 1 0 0 0 0 0 0 0 0 0 0 0 32 53 101 180 242 242 
255 255 255 255 254 251 213 138 84 59 34 29 18 2 0 7 4 2 7 0 0 0 1 49 104 158 187 241 254 254 
255 255 255 255 255 254 253 221 186 174 125 114 86 45 17 25 43 47 39 23 23 52 125 178 191 210 237 242 254 255 
