249 236 174 186 231 248 252 253 254 254 254 254 254 254 254 253 254 253 254 254 253 253 253 252 250 248 246 238 234 244 
246 180 77 81 166 225 244 249 251 252 251 251 252 252 251 251 251 250 250 249 248 245 242 236 231 223 215 204 203 221 
235 105 36 29 73 163 211 230 235 237 235 233 233 231 229 228 227 227 224 218 212 204 198 192 186 181 174 170 171 190 
214 61 18 13 19 70 133 163 170 169 166 163 161 162 162 163 166 166 163 157 153 149 145 142 140 139 134 130 134 155 
190 38 10 7 7 14 36 54 61 62 62 64 65 67 74 80 88 91 92 92 91 91 90 90 89 89 88 85 89 113 
173 25 7 4 3 4 6 9 10 11 11 12 13 15 18 23 29 35 38 40 42 45 46 46 47 49 49 49 53 75 
167 19 5 2 2 2 2 2 3 3 3 3 3 2 3 4 5 7 8 10 12 13 14 16 18 20 22 22 26 42 
169 17 4 2 1 0 1 1 1 1 1 1 1 1 1 1 1 1 2 2 2 2 3 4 5 6 7 8 10 24 
174 16 3 2 1 0 0 0 1 1 1 1 1 1 1 0 0 0 0 0 1 1 1 2 4 5 6 7 9 24 
179 16 3 2 2 2 4 5 5 5 5 5 6 7 6 3 1 0 0 0 0 2 6 13 18 21 21 21 26 48 
182 16 3 2 6 13 20 25 25 26 26 27 31 35 34 20 5 1 0 0 1 10 31 50 58 60 59 58 62 86 
184 15 3 3 16 45 69 82 87 87 88 90 97 106 101 70 23 2 0 0 3 32 75 99 107 108 105 102 102 122 
183 16 3 4 29 89 138 168 179 181 179 182 188 192 182 140 59 7 0 0 9 69 126 151 157 154 151 145 144 161 
184 16 3 5 39 122 187 218 230 233 233 234 237 238 230 196 98 14 1 1 18 112 176 200 203 201 195 188 185 199 
184 16 3 5 43 142 210 236 244 248 248 249 250 250 245 223 129 20 2 1 30 150 212 231 233 231 227 222 219 226 
187 17 4 4 42 150 218 241 248 251 252 252 252 252 248 232 143 23 2 2 41 177 233 246 248 247 245 242 240 243 
192 20 4 3 36 145 218 242 249 251 252 253 253 252 249 231 141 21 2 3 50 193 243 251 252 252 252 250 250 250 
202 23 4 3 27 130 212 240 248 250 252 252 252 251 246 224 124 17 1 3 58 204 247 253 254 254 253 253 253 253 
212 32 5 2 15 105 196 234 245 248 249 249 249 248 241 207 96 11 1 4 68 213 249 254 254 254 254 254 254 254 
225 45 6 3 8 69 165 219 238 244 245 245 245 242 229 175 58 5 1 5 83 221 251 254 254 254 254 254 254 254 
235 67 9 3 3 32 118 186 221 231 236 236 234 226 196 120 27 2 2 9 107 227 252 254 254 254 255 254 254 254 
242 104 14 5 2 9 58 129 176 199 207 207 202 181 133 56 8 1 3 17 136 235 253 254 254 255 255 254 254 254 
245 152 24 7 3 3 16 55 101 127 139 139 129 104 56 15 2 2 5 33 168 241 253 254 254 255 255 254 254 254 
248 200 47 12 5 3 4 12 33 49 57 58 50 33 14 4 2 4 10 69 197 246 254 254 254 254 254 254 254 254 
249 231 98 21 8 4 3 3 6 10 12 12 10 6 3 1 3 6 25 122 222 250 254 254 254 254 254 254 254 254 
250 244 169 49 15 7 4 3 2 2 3 2 3 2 2 3 6 15 65 177 239 252 254 254 254 254 254 254 254 254 
250 248 220 114 34 13 6 4 3 2 2 2 2 2 3 5 13 44 132 218 248 253 254 254 254 254 254 254 254 253 
250 250 242 190 89 31 13 7 5 4 3 3 4 5 7 16 41 107 194 241 252 253 254 254 254 254 254 254 254 253 
250 251 248 235 179 97 43 21 11 8 6 6 8 12 24 53 111 184 234 250 253 253 253 253 253 253 253 253 252 252 
249 251 251 247 233 191 130 76 43 28 21 21 30 51 89 141 197 234 249 252 252 252 252 252 252 252 252 251 251 251 
