254 254 249 247 246 249 250 251 249 250 251 252 252 252 252 253 253 254 252 252 251 251 252 250 249 248 246 237 237 245 
254 247 220 205 203 205 203 204 203 207 212 217 220 224 230 231 231 231 229 223 221 219 208 206 196 183 165 147 154 213 
253 222 170 150 143 140 138 133 133 136 138 139 142 147 145 148 148 144 135 125 115 106 101 94 84 79 68 62 73 143 
250 183 127 107 94 89 83 77 68 68 62 61 58 56 54 54 52 47 45 40 36 30 29 27 27 27 25 25 35 81 
246 151 81 57 47 37 32 27 25 22 17 12 9 9 9 10 9 9 8 10 10 9 9 9 11 11 9 11 18 46 
240 114 43 21 13 9 4 5 6 5 3 1 1 1 1 1 0 1 1 2 2 1 1 2 3 2 2 4 9 33 
235 76 16 5 3 1 1 2 2 1 1 0 0 0 0 0 0 0 0 0 0 0 0 1 2 2 2 3 7 37 
235 50 6 1 3 6 7 9 11 11 12 7 4 2 1 1 1 1 2 5 7 8 9 8 10 12 10 11 21 65 
235 37 1 1 8 17 28 38 40 44 43 41 29 16 13 11 10 11 18 30 42 49 54 56 59 57 50 49 60 130 
232 33 0 2 17 45 71 90 103 113 116 109 89 57 35 27 24 30 45 77 99 126 135 142 148 146 136 133 144 193 
231 29 0 3 28 82 133 163 175 184 188 185 158 106 55 39 35 43 70 109 148 174 192 205 211 212 208 206 209 231 
233 26 0 5 46 126 185 210 223 226 232 230 208 148 66 36 35 42 74 123 165 198 225 235 241 244 244 240 241 245 
234 24 0 6 59 164 220 239 246 246 249 247 230 171 61 23 23 26 55 114 168 210 236 245 248 250 251 251 251 252 
233 25 0 7 76 185 237 250 254 252 254 253 239 176 49 11 7 8 23 76 151 203 237 247 250 253 253 253 253 253 
234 27 0 7 84 195 244 253 254 254 254 253 241 169 35 4 0 0 3 20 91 175 223 247 251 253 254 254 254 254 
233 27 0 7 86 201 245 254 254 254 255 253 240 152 23 0 0 0 0 3 22 97 189 232 248 252 254 254 254 254 
232 25 0 7 85 203 245 252 254 254 254 252 236 127 14 0 0 0 0 0 3 25 96 186 228 246 253 254 254 254 
232 25 1 6 79 197 241 250 253 253 254 249 225 91 7 0 0 0 0 0 0 2 19 85 172 223 244 252 254 254 
232 25 1 4 66 183 232 246 250 250 250 242 199 57 2 0 3 2 1 0 0 0 1 16 71 158 208 241 250 254 
231 25 1 3 49 155 213 236 242 242 238 224 148 25 1 4 27 35 16 4 0 0 0 2 14 62 144 196 233 249 
232 27 1 1 30 116 170 200 213 214 208 167 74 7 4 29 98 135 102 35 8 0 0 0 1 12 52 125 183 233 
234 32 1 1 14 68 113 142 153 147 130 84 21 2 13 92 186 219 206 134 48 8 2 0 0 1 10 44 110 199 
237 39 2 0 6 26 52 69 73 68 51 23 4 4 43 157 231 247 244 219 140 51 10 2 1 0 1 9 41 138 
242 52 5 0 2 6 12 16 18 14 8 1 1 13 83 208 247 254 254 248 226 152 56 12 4 1 0 2 12 71 
244 72 10 2 2 2 2 1 2 1 0 0 3 29 139 234 253 254 254 254 250 229 157 62 18 7 1 2 5 29 
247 109 23 7 3 3 2 1 1 1 1 2 11 66 196 249 254 255 255 254 254 251 232 169 73 23 7 3 4 17 
250 155 47 18 11 8 8 6 4 4 6 10 36 131 232 253 254 255 255 255 254 254 252 234 171 77 25 6 8 21 
252 196 88 44 28 24 23 22 22 18 22 39 97 203 251 254 254 255 255 255 255 254 254 251 236 176 76 29 20 40 
254 231 146 101 81 72 69 67 68 69 81 115 189 240 254 255 255 255 255 255 255 255 254 254 251 234 173 83 55 76 
254 250 202 159 138 137 136 137 144 150 174 209 240 253 254 254 255 255 255 255 255 255 255 254 254 251 232 165 107 125 
