252 253 253 253 250 244 234 230 231 241 248 253 254 254 254 255 254 254 254 255 254 254 250 225 187 182 216 240 251 253 
253 253 253 250 240 212 188 177 177 191 216 241 251 254 254 254 254 254 254 254 254 253 234 148 83 86 137 204 243 251 
253 253 252 239 202 163 136 121 116 124 153 198 240 251 254 254 254 254 255 254 254 249 206 84 35 31 57 124 215 247 
253 253 247 211 153 104 77 62 58 63 83 123 193 241 251 254 254 255 255 254 253 243 177 55 20 13 20 55 149 234 
253 251 232 163 101 55 35 23 21 23 33 60 119 202 246 253 254 255 255 254 253 239 165 45 14 4 8 21 80 210 
253 248 200 116 53 22 10 7 6 6 8 17 55 134 226 250 254 255 255 254 252 240 170 47 12 2 3 9 34 160 
252 240 153 68 20 6 3 3 2 1 1 3 16 68 171 242 251 254 254 254 253 245 190 63 16 4 2 5 17 100 
250 220 106 31 6 2 6 7 3 1 1 1 3 24 104 213 248 253 254 255 253 247 214 105 27 6 2 3 10 56 
248 188 66 11 2 9 18 26 19 5 0 0 1 6 46 160 239 250 254 254 254 250 232 159 64 15 3 2 6 32 
243 149 34 3 4 21 49 69 58 26 3 0 0 1 15 96 214 247 253 254 254 252 245 207 122 35 7 2 4 19 
234 106 12 1 8 45 92 125 118 75 22 2 0 0 3 43 163 238 251 254 254 254 249 234 179 73 13 3 3 12 
222 71 4 1 16 84 149 180 178 139 64 7 0 0 0 14 98 215 248 253 254 254 251 244 212 116 23 4 3 9 
209 37 1 2 32 124 194 217 221 195 127 34 2 0 0 3 46 171 239 250 254 254 252 248 225 152 36 6 3 6 
188 20 0 3 49 163 220 241 245 233 186 85 9 0 0 1 15 103 218 247 253 254 253 250 234 172 45 6 3 5 
169 10 0 3 60 185 234 249 251 247 228 152 30 1 0 0 3 51 176 238 251 254 254 250 238 182 52 7 3 5 
149 4 0 5 70 195 240 250 253 252 244 205 85 7 0 0 1 17 109 221 247 253 254 250 239 184 54 8 2 5 
140 4 0 7 74 199 242 250 253 253 250 235 152 27 1 0 0 4 54 180 239 250 254 250 238 177 48 9 2 5 
137 5 0 6 70 192 239 249 253 253 253 247 200 73 5 0 0 1 19 120 220 245 251 249 231 160 38 6 3 8 
143 8 0 5 57 175 230 248 252 253 254 252 231 136 20 2 0 0 4 56 176 231 245 242 214 132 26 5 3 11 
161 13 1 3 41 139 215 243 252 253 254 253 245 194 58 5 1 0 1 19 110 199 222 218 184 93 15 3 3 18 
180 23 1 2 24 98 185 231 249 252 254 254 252 227 122 18 2 0 0 4 43 133 181 179 128 47 10 2 4 31 
198 42 3 1 11 59 138 213 247 252 254 255 253 242 189 51 6 0 0 0 8 51 102 107 63 21 4 2 7 52 
221 74 9 2 5 22 82 181 241 251 253 254 254 250 224 115 18 2 0 0 0 9 28 35 21 7 1 3 11 87 
238 110 20 3 3 10 40 138 232 250 253 254 254 254 239 184 52 7 0 0 0 0 5 9 5 1 1 5 25 136 
247 155 38 9 2 6 20 99 223 250 254 254 255 254 248 223 114 21 3 0 0 0 0 1 0 0 2 10 50 184 
252 194 73 23 7 5 13 79 217 251 253 254 255 254 252 242 190 59 11 2 0 0 0 0 0 1 5 21 98 221 
252 231 117 49 21 11 18 79 216 251 253 254 255 254 254 250 232 139 38 11 2 0 0 0 2 5 15 52 159 239 
253 247 175 85 46 28 33 96 226 251 253 254 255 255 254 254 247 210 101 32 11 4 2 3 7 15 41 110 212 247 
253 251 227 142 84 59 62 132 235 252 253 254 255 255 254 254 253 243 191 98 41 20 15 17 22 46 97 185 239 252 
253 253 247 214 141 103 109 187 246 253 253 254 255 255 255 255 254 253 239 191 116 68 53 54 72 116 179 233 249 254 
