240 186 66 45 116 210 245 253 254 255 255 255 255 255 254 255 255 253 254 254 254 254 254 253 253 253 252 253 251 250 
228 119 27 14 65 159 236 252 254 255 255 255 255 254 255 254 255 255 255 255 255 255 254 255 254 254 253 252 251 251 
196 57 9 6 32 109 215 249 254 255 255 255 255 255 255 255 255 255 255 255 255 255 254 254 254 254 253 252 251 250 
152 29 4 2 17 82 190 245 254 255 255 255 255 255 255 255 255 255 255 254 254 255 254 254 253 253 252 251 249 249 
113 16 2 0 10 69 171 243 253 254 255 255 254 254 254 254 254 254 254 254 254 253 253 253 253 252 251 249 245 246 
90 11 1 0 7 61 157 234 251 254 255 254 254 254 253 253 254 254 253 252 252 252 252 250 249 249 247 244 239 242 
79 8 1 0 6 54 149 225 248 253 254 254 254 253 253 252 252 251 251 249 248 248 246 244 243 240 236 230 227 230 
83 8 1 0 4 48 137 214 243 251 252 252 250 249 248 245 244 241 240 241 237 234 230 227 221 214 208 202 199 212 
86 7 0 0 3 40 115 192 231 242 242 240 237 232 230 223 221 217 215 211 206 200 196 191 184 175 171 166 162 176 
92 7 0 0 1 31 93 154 193 206 209 201 199 192 187 179 179 176 173 166 161 158 151 147 143 140 135 131 128 140 
101 7 1 0 0 17 56 102 135 148 144 134 130 128 128 125 122 120 118 117 117 112 107 104 104 103 97 90 91 109 
112 9 1 0 0 4 23 44 61 66 61 58 59 60 62 63 65 63 62 66 65 64 64 60 62 61 59 56 57 76 
121 9 0 0 0 0 2 8 12 10 10 10 12 16 17 17 19 20 24 25 28 28 30 31 31 31 30 30 33 45 
122 11 0 0 0 0 0 1 1 0 1 1 1 2 3 4 4 5 6 7 9 9 10 13 13 13 15 14 17 28 
127 12 0 0 0 0 0 0 0 0 0 0 0 0 0 0 1 1 1 3 3 5 6 5 7 8 8 8 10 16 
128 12 0 0 0 0 0 0 0 0 0 0 0 0 0 0 1 1 2 1 2 3 2 3 4 5 6 7 9 17 
134 11 0 0 0 0 0 0 0 0 0 1 1 0 0 1 2 2 2 4 4 5 6 6 8 10 10 12 15 29 
130 9 0 0 0 0 0 0 0 0 1 2 1 3 4 3 4 8 10 12 14 18 20 22 27 32 35 40 45 61 
123 9 0 0 0 0 2 6 6 7 8 10 14 20 24 25 31 36 44 47 52 57 59 64 68 74 78 79 83 101 
123 7 1 0 0 3 17 33 46 55 57 60 68 75 80 82 83 87 95 98 102 106 111 113 114 119 119 115 118 133 
119 8 1 0 0 15 55 95 123 133 143 143 146 149 150 150 150 154 158 158 161 156 159 162 163 162 161 158 158 172 
114 8 1 0 2 33 86 151 187 207 210 209 207 207 206 206 206 209 211 207 206 203 203 201 200 201 197 195 198 208 
115 9 1 0 4 48 109 189 226 240 242 242 239 239 239 240 239 239 239 238 235 234 232 232 230 228 227 226 224 232 
111 9 2 1 6 55 131 214 238 250 251 250 249 248 248 248 249 247 248 247 248 246 246 246 245 244 242 241 242 244 
106 11 2 1 8 57 148 223 245 254 253 253 253 252 253 253 253 252 251 251 251 251 250 249 249 249 248 247 247 249 
116 12 2 1 9 60 163 233 248 254 254 253 253 253 254 254 254 254 253 253 253 252 252 252 251 251 251 250 250 250 
137 16 2 1 11 63 175 236 251 254 254 253 254 254 254 254 254 254 254 254 254 253 253 253 252 252 252 252 251 252 
169 24 2 2 14 74 191 240 251 254 254 254 254 254 254 254 254 254 254 254 254 254 254 254 253 253 253 252 252 253 
203 41 5 2 23 93 209 243 252 255 255 254 254 254 254 254 254 254 254 254 254 254 254 254 254 254 253 253 253 253 
229 86 12 5 38 134 227 250 254 254 254 254 254 255 255 255 255 255 254 254 254 254 254 254 254 254 254 254 253 253 
