255 255 255 241 223 223 255 255 240 255 254 255 241 223 241 255 255 223 222 222 223 223 223 223 255 255 255 255 255 255 
255 217 159 150 141 140 167 134 134 134 166 121 150 145 115 121 110 103 115 114 159 157 151 109 138 224 253 254 255 255 
254 141 95 60 57 61 63 63 58 31 53 58 58 18 20 13 13 0 0 0 14 21 21 3 31 31 74 216 225 255 
254 100 7 3 3 0 31 0 0 0 0 0 0 0 0 0 0 0 0 0 0 0 0 0 0 0 32 127 191 255 
212 36 0 0 0 0 0 0 0 0 0 0 0 0 0 0 0 0 0 0 0 0 0 0 0 0 0 41 159 230 
221 37 0 0 0 0 0 0 0 0 0 0 0 0 0 0 0 0 0 0 0 0 0 0 0 0 0 0 105 191 
222 57 0 0 0 0 0 0 0 0 0 0 0 0 0 0 0 0 0 0 0 0 0 0 0 0 0 0 31 152 
230 134 73 63 63 49 42 50 52 39 31 18 0 0 0 0 0 0 0 0 0 0 0 0 0 0 0 0 9 152 
255 165 151 151 151 151 151 159 159 159 151 127 127 127 98 120 123 151 120 120 128 144 137 57 23 0 0 0 0 134 
255 193 160 168 159 159 159 168 168 168 168 168 200 200 200 168 191 191 164 205 222 200 190 173 98 35 0 0 0 66 
254 226 214 217 212 216 186 217 223 223 223 223 229 228 228 228 228 255 255 254 254 255 210 190 159 94 0 0 0 54 
255 255 245 223 243 242 243 243 243 243 243 243 255 255 255 255 255 254 255 255 255 255 226 223 191 95 34 0 0 0 
255 255 254 255 255 255 255 255 255 255 255 255 255 255 255 255 255 255 255 255 255 255 239 223 222 131 64 0 0 0 
255 255 255 255 255 255 255 255 255 255 255 255 255 255 255 255 255 255 255 255 255 255 239 223 223 141 95 4 0 0 
255 255 255 255 255 255 255 255 255 255 255 255 255 255 255 255 255 255 255 255 255 255 239 223 223 164 95 27 0 0 
255 255 255 255 255 255 255 255 255 255 255 255 255 255 255 255 255 255 255 255 255 255 239 223 223 132 95 44 0 2 
255 255 255 255 255 255 255 255 255 255 255 255 255 255 255 255 255 255 255 255 255 255 239 223 220 127 95 33 0 30 
255 255 255 255 255 255 255 255 255 254 255 255 255 255 255 255 255 255 255 255 255 255 238 223 161 109 95 9 0 50 
223 223 223 223 223 223 223 223 223 223 223 251 251 223 255 251 254 251 251 255 255 253 207 177 99 95 95 0 0 65 
223 223 223 223 223 223 223 223 223 223 223 223 223 223 223 223 223 223 223 223 223 220 198 138 97 95 94 0 0 38 
223 223 223 223 223 223 223 223 223 223 223 223 223 223 223 223 223 193 196 196 194 188 127 124 95 95 48 0 0 65 
255 223 223 223 223 222 223 223 223 223 223 212 213 191 191 191 191 191 168 168 154 137 96 95 95 92 0 0 0 54 
255 255 191 205 143 155 183 156 190 182 140 140 151 151 151 125 125 120 95 95 95 95 95 94 16 0 0 0 0 49 
254 194 115 40 5 0 0 0 31 56 54 18 30 41 30 30 30 33 12 28 62 49 11 0 0 0 0 0 0 110 
254 112 63 45 0 0 0 0 8 22 0 0 0 0 0 0 0 0 0 0 0 0 0 0 0 0 0 0 31 133 
191 87 63 5 31 31 0 0 0 0 0 0 0 0 0 0 0 0 0 0 0 0 0 0 0 0 0 31 63 191 
160 75 61 31 31 31 22 8 31 31 31 0 0 0 0 0 17 22 22 0 0 0 0 0 0 17 31 31 164 191 
205 95 46 31 31 0 0 0 0 13 20 0 0 0 0 0 31 31 34 31 3 3 3 0 36 60 64 95 190 191 
254 111 86 45 31 31 3 3 31 31 31 3 0 31 27 0 20 46 71 63 31 32 31 45 104 109 115 234 203 250 
255 191 125 66 108 111 83 63 88 53 32 53 88 95 63 31 32 63 63 63 63 51 83 124 113 151 201 254 255 255 
