252 234 183 195 219 235 241 245 249 252 254 254 254 254 254 254 254 254 254 254 254 255 255 254 255 254 255 255 254 253 
248 159 67 58 101 148 178 204 223 240 245 247 249 251 252 253 253 253 253 254 254 253 253 254 254 254 254 254 254 253 
237 80 20 11 19 40 67 100 133 165 192 206 218 228 234 239 244 245 247 249 250 251 251 251 252 253 253 253 253 253 
206 36 6 2 3 5 9 17 33 59 87 118 144 167 184 198 211 221 225 233 238 241 245 247 249 249 250 250 250 252 
192 21 2 0 0 0 0 2 5 7 18 30 55 78 101 123 149 170 182 196 207 214 223 231 236 238 238 240 243 249 
199 20 2 0 0 0 0 0 1 1 2 5 9 17 36 55 76 99 117 137 157 169 184 191 199 207 212 215 226 242 
226 35 2 0 0 0 0 0 0 0 0 0 1 1 4 12 22 37 53 70 91 112 132 148 158 170 175 181 195 225 
241 97 13 4 3 2 1 1 1 1 0 0 0 0 0 1 3 5 13 23 38 58 77 91 106 116 127 139 157 195 
249 183 68 29 17 9 7 4 2 2 1 0 1 0 0 0 0 0 2 4 9 19 34 48 59 71 82 94 116 163 
252 234 165 112 89 67 49 36 24 16 11 6 6 2 1 1 1 0 0 1 2 5 10 16 24 31 40 52 74 122 
253 248 229 206 191 176 153 126 99 78 60 46 34 27 21 15 10 7 5 3 1 1 2 5 8 10 15 21 39 84 
253 252 247 243 236 230 220 208 191 167 146 123 105 83 68 54 38 26 19 13 7 2 1 2 2 4 5 9 19 50 
253 253 252 251 251 249 247 243 238 227 215 199 181 161 136 115 93 67 45 29 19 10 3 0 0 1 1 3 7 30 
253 254 254 254 254 254 253 253 252 247 242 236 227 212 198 176 148 117 86 60 39 21 6 1 0 0 0 1 4 16 
253 254 254 254 255 254 254 254 254 254 252 249 247 238 224 210 186 154 117 89 62 34 11 0 0 0 0 0 2 10 
253 254 255 255 254 254 254 254 254 254 252 252 249 244 234 219 200 166 132 101 74 42 15 2 0 0 0 0 2 9 
253 254 255 255 254 254 254 254 254 254 253 252 249 243 233 214 190 160 130 94 66 38 12 2 0 0 0 0 2 11 
253 254 255 254 254 254 254 254 254 254 251 249 243 231 213 193 164 133 100 73 46 27 9 3 0 0 0 2 5 21 
254 254 254 254 254 254 253 253 251 249 241 233 213 194 168 140 113 86 62 41 26 15 4 2 0 1 1 4 11 39 
254 254 254 253 252 249 248 243 232 217 199 172 145 117 90 71 52 41 28 18 10 6 3 2 2 3 7 15 28 71 
254 253 249 243 236 230 215 193 168 137 105 78 58 44 32 25 18 13 8 5 4 2 3 5 10 16 25 38 60 105 
253 249 226 196 172 149 121 98 66 50 32 20 13 10 7 7 6 3 3 3 4 7 14 25 33 46 62 74 96 144 
253 231 154 103 74 52 36 25 15 9 6 4 3 1 1 1 1 2 5 10 16 29 45 56 72 90 103 114 141 183 
251 175 62 28 18 12 8 4 3 2 1 0 0 0 0 1 3 9 18 30 48 70 86 103 122 140 155 169 186 216 
243 99 20 9 5 3 1 0 0 0 0 0 0 1 4 10 21 37 56 79 101 119 143 160 178 191 201 209 219 235 
227 51 9 4 2 1 0 0 0 0 1 2 5 11 27 48 70 95 119 140 165 182 199 213 221 224 229 232 238 245 
213 38 7 2 2 1 1 1 1 2 7 16 34 60 89 119 145 168 188 206 216 226 234 234 238 242 244 245 247 251 
217 41 7 2 2 3 4 7 13 27 51 80 113 141 173 198 214 226 234 240 244 246 247 248 249 249 250 250 251 252 
234 64 11 5 6 16 31 51 84 116 151 182 205 223 233 240 243 247 247 249 251 251 252 252 253 252 252 253 253 254 
246 123 30 17 36 79 124 161 191 215 232 239 245 249 250 251 252 253 253 253 254 254 254 254 253 254 254 254 254 254 
