253 249 235 237 243 245 248 249 249 250 253 254 254 253 254 254 254 254 253 253 254 254 254 254 254 254 254 253 254 254 
251 217 134 119 143 163 179 198 210 217 226 232 236 241 245 245 246 249 251 251 252 252 252 251 250 249 249 247 244 250 
247 141 52 34 37 55 72 87 101 113 128 144 162 178 192 200 210 218 223 227 227 229 230 228 227 226 220 217 222 235 
240 81 23 13 9 12 16 18 22 30 38 54 71 87 104 120 138 153 165 167 173 176 176 182 183 183 180 178 181 208 
234 54 13 4 3 2 3 3 3 3 6 12 19 27 39 51 65 79 90 100 106 112 116 120 129 129 127 128 140 174 
241 50 10 4 3 2 2 1 1 1 2 2 4 5 7 13 20 26 36 45 53 63 67 73 77 84 86 91 100 139 
246 72 13 6 5 5 4 4 2 2 1 1 1 2 1 1 3 5 8 12 20 27 31 36 39 44 48 52 65 111 
252 143 32 17 12 12 11 9 8 6 5 4 2 2 2 0 0 0 1 2 4 6 9 10 14 18 21 28 41 89 
253 208 107 66 53 47 43 38 34 30 26 22 16 12 8 6 2 0 0 0 1 1 2 3 5 9 13 22 37 91 
254 243 198 161 146 137 128 121 109 99 91 80 62 41 27 15 7 2 0 0 0 0 0 0 4 12 22 37 65 118 
254 252 240 227 221 216 209 202 194 189 179 162 131 91 57 33 16 5 0 0 0 0 0 1 12 32 52 74 102 147 
254 254 251 249 248 247 246 244 241 239 233 220 196 148 93 55 27 9 1 0 0 0 0 7 32 63 95 118 141 179 
254 254 254 254 254 254 254 253 253 251 250 244 227 182 121 78 38 12 2 0 0 0 1 19 59 101 139 163 182 208 
254 254 254 254 254 254 254 255 254 254 254 251 241 201 135 86 45 14 2 0 0 0 0 29 83 138 174 197 208 227 
254 255 255 255 255 255 255 255 255 255 254 254 248 215 144 91 48 16 2 0 0 0 1 37 102 156 194 215 231 243 
255 255 255 255 255 255 255 255 255 255 255 254 248 220 148 91 46 16 3 0 0 0 1 37 105 156 196 220 237 248 
255 255 255 254 255 255 255 254 254 254 254 253 248 222 147 87 46 14 2 0 0 0 1 28 86 140 177 202 225 242 
254 255 254 254 254 254 254 254 254 254 254 253 246 217 144 83 44 12 2 0 0 0 1 18 63 112 144 167 190 223 
254 254 254 254 254 254 254 254 253 254 253 250 238 203 135 74 34 11 2 0 0 0 0 11 38 77 104 121 150 191 
254 254 254 254 254 253 251 251 250 248 245 239 219 170 105 54 25 8 1 0 0 0 0 4 20 43 63 79 107 154 
253 254 250 248 247 246 244 239 233 225 216 199 168 112 66 34 13 5 0 0 0 0 0 1 7 20 33 47 66 121 
253 250 238 226 218 210 197 184 171 153 137 119 90 59 32 15 7 1 0 0 0 0 0 1 3 7 15 23 43 99 
253 237 184 147 132 122 104 87 75 61 50 39 27 16 10 4 2 0 0 0 1 1 2 4 5 9 13 19 36 91 
253 197 89 54 42 34 27 19 15 11 11 7 4 3 1 1 0 0 1 2 4 6 10 16 22 27 31 37 57 104 
249 116 28 12 9 6 4 3 2 2 2 2 1 1 1 2 3 6 9 15 22 30 39 50 58 66 72 78 96 138 
242 68 8 3 3 2 1 1 1 2 2 2 3 3 5 9 16 27 41 56 69 80 91 102 113 123 122 127 137 169 
236 50 7 3 2 1 2 1 2 4 6 7 11 18 31 45 66 82 102 119 130 141 152 161 167 169 170 170 177 205 
239 61 10 5 4 3 5 7 10 17 25 39 53 73 97 120 142 156 169 181 191 199 204 206 207 211 211 211 216 230 
246 100 24 11 13 18 27 38 55 76 103 128 150 168 184 197 210 218 223 229 233 236 238 237 236 235 233 233 237 244 
251 169 63 40 56 88 121 144 171 195 210 220 229 235 240 242 245 248 249 249 250 250 251 251 249 249 249 247 247 250 
