249 235 224 237 248 251 254 254 255 254 255 255 255 254 254 254 254 254 254 254 254 254 254 254 254 253 247 223 169 196 
245 206 179 198 226 247 251 254 254 254 254 254 254 254 254 254 254 254 254 254 254 254 254 253 252 245 208 130 70 106 
235 164 139 150 185 224 245 251 254 254 254 254 254 254 255 255 254 254 254 254 254 254 254 251 241 199 119 52 34 56 
217 125 92 99 129 173 215 241 251 253 254 254 255 254 255 254 255 254 254 254 254 254 249 232 186 107 45 20 15 29 
204 80 49 57 82 119 160 204 234 248 253 254 254 254 254 255 254 254 254 253 252 245 219 164 85 34 15 7 7 16 
196 50 20 24 42 72 103 141 190 226 244 251 254 254 254 254 254 254 253 249 236 202 138 63 24 10 5 3 3 13 
195 34 6 5 13 30 55 83 121 171 216 241 250 254 254 254 253 251 245 228 186 110 48 18 7 4 2 1 2 17 
199 48 6 1 2 7 17 38 66 107 153 199 233 248 251 252 251 244 218 168 93 35 10 5 3 2 1 2 4 38 
211 87 19 5 2 0 2 9 25 51 86 130 181 220 236 240 231 201 145 72 24 7 3 2 2 1 3 8 26 109 
222 131 57 26 9 1 0 1 4 16 34 61 100 148 184 188 165 115 53 16 4 2 1 1 2 4 15 45 98 184 
235 170 109 70 39 15 4 0 0 3 7 19 41 63 91 94 71 32 8 2 1 1 1 2 12 32 77 131 179 224 
244 207 159 125 93 58 25 5 0 0 0 2 6 15 24 24 13 3 2 1 0 1 3 18 52 108 162 201 226 241 
249 235 202 173 147 114 72 29 5 0 0 0 0 1 3 2 1 1 0 0 0 3 22 69 131 183 216 232 242 248 
252 247 234 219 198 165 120 67 22 3 0 0 0 0 0 0 0 0 0 0 0 15 61 128 189 220 237 245 249 251 
253 251 248 242 231 205 164 106 41 9 1 0 0 0 0 0 0 0 0 0 1 33 97 166 214 236 245 250 252 252 
253 252 251 249 244 227 195 131 59 13 1 0 0 0 0 0 0 0 0 0 3 44 111 180 223 240 249 252 253 253 
253 252 251 250 245 231 202 139 60 14 1 0 0 0 0 0 0 0 0 0 2 41 110 174 219 238 249 252 253 253 
253 251 249 247 241 222 190 124 49 8 0 0 0 0 0 0 0 0 0 0 0 22 82 151 200 228 243 249 252 253 
252 249 244 237 221 196 156 87 29 2 0 0 0 0 0 0 0 0 0 0 0 5 37 104 166 202 224 237 244 250 
251 245 229 212 185 147 97 41 6 0 0 0 1 1 2 3 1 0 0 0 0 0 7 36 91 152 187 212 229 243 
250 232 200 165 125 84 40 10 0 0 2 3 6 11 21 24 17 7 1 0 0 0 0 3 24 65 115 159 195 226 
246 208 155 103 63 29 8 0 0 2 5 12 27 52 83 94 72 39 16 6 3 1 0 0 4 14 37 77 131 195 
239 174 91 44 16 4 2 2 4 9 20 44 87 141 176 184 166 118 60 26 11 5 1 0 1 2 6 20 55 138 
231 120 36 9 3 2 3 7 14 30 56 114 176 217 232 233 227 204 155 87 39 19 9 3 1 0 1 4 15 66 
223 71 9 4 2 6 12 22 41 79 136 194 232 247 251 252 250 243 226 182 114 52 26 15 7 3 1 1 5 27 
212 45 8 7 8 16 30 52 93 152 209 240 252 254 254 254 254 254 250 237 204 140 77 36 20 12 5 1 3 18 
207 45 14 14 24 40 70 112 175 224 248 252 254 254 254 255 254 254 254 251 242 221 172 104 52 26 14 7 5 21 
211 64 29 34 51 82 135 195 233 249 253 254 254 255 255 255 255 254 254 254 252 249 234 193 130 67 35 21 17 32 
223 97 53 60 95 153 209 239 250 253 254 254 255 255 255 255 255 255 254 254 254 254 250 243 216 161 87 46 36 52 
240 144 95 108 162 216 243 251 254 254 254 255 255 255 255 255 255 255 255 255 255 254 254 253 246 227 177 101 70 94 
