244 174 78 112 179 216 238 246 251 253 253 254 254 254 254 254 254 253 253 254 254 254 254 254 254 253 254 254 254 254 
224 87 22 30 86 152 199 227 243 249 251 253 253 254 254 254 254 254 254 254 254 254 254 254 254 254 254 254 254 254 
180 32 4 5 17 55 102 154 199 226 240 247 249 252 253 253 254 254 254 254 254 254 254 254 254 253 254 254 254 254 
128 13 2 1 3 7 20 51 101 155 195 217 232 241 248 250 253 253 254 254 254 254 254 254 254 254 254 254 253 253 
101 8 1 0 0 1 3 8 24 57 108 152 188 211 229 240 246 251 253 253 254 254 254 254 254 254 253 253 253 253 
124 9 0 0 0 0 1 2 4 11 30 65 107 149 181 211 231 243 250 252 252 253 253 254 253 253 252 251 250 251 
161 17 1 0 0 0 1 1 1 3 6 16 36 68 108 153 192 217 236 245 248 250 251 251 250 248 246 244 243 244 
208 51 4 1 0 0 1 0 0 0 2 3 8 20 45 83 128 171 203 224 236 242 243 241 239 235 231 225 225 231 
232 124 29 8 3 2 1 1 0 0 0 0 1 4 14 31 65 109 152 186 206 218 222 219 215 211 204 198 196 209 
246 201 106 49 25 11 5 2 1 0 0 0 0 1 3 9 21 51 96 136 163 179 182 180 177 173 166 160 161 178 
251 234 190 145 104 67 39 20 8 4 2 0 0 0 1 2 5 18 42 81 113 130 136 136 133 128 123 118 120 141 
252 248 234 215 196 163 126 90 54 27 12 4 1 0 0 0 0 3 12 31 59 74 82 85 84 84 79 75 78 102 
252 252 248 244 240 225 201 173 141 94 49 23 7 1 0 0 0 0 2 9 20 33 38 41 43 45 42 38 42 64 
253 253 253 252 250 246 237 220 197 161 111 56 20 3 0 0 0 0 0 1 5 9 14 16 17 18 17 17 19 32 
253 253 254 253 253 251 247 239 221 191 147 85 39 6 0 0 0 0 0 0 0 2 5 5 7 7 7 8 9 18 
253 253 254 254 254 253 251 245 229 203 163 103 49 9 0 0 0 0 0 0 0 1 1 1 2 3 5 5 6 15 
253 253 254 254 254 254 251 245 229 199 157 96 43 7 0 0 0 0 0 1 1 2 4 5 7 9 11 11 14 29 
252 252 253 254 254 253 248 237 216 178 126 67 26 3 0 0 0 0 0 2 5 12 20 24 26 30 32 33 37 56 
252 252 253 253 250 244 231 209 175 125 71 31 10 0 0 0 0 0 3 11 28 44 57 62 67 69 70 67 70 94 
252 251 249 242 230 209 179 139 91 51 23 6 1 0 0 0 0 4 17 41 72 95 106 110 114 115 114 109 115 136 
251 247 228 206 169 129 86 48 22 10 2 0 0 0 0 1 5 19 49 95 130 151 161 163 164 162 158 154 154 171 
251 232 175 112 70 41 18 7 2 0 0 0 0 0 2 7 21 56 109 155 188 202 208 205 205 204 201 196 194 208 
245 184 74 33 15 7 2 1 0 0 0 0 1 4 12 31 70 122 172 207 226 231 233 233 232 230 227 225 226 231 
233 101 21 8 3 0 0 0 0 0 0 1 6 19 47 88 136 185 218 235 243 246 247 247 246 245 242 240 241 244 
206 45 4 2 0 0 0 0 0 1 2 11 31 66 112 157 199 228 241 248 251 253 253 252 251 250 249 248 247 249 
171 22 1 1 0 0 0 0 1 5 17 51 95 145 186 215 235 245 250 253 254 254 254 254 254 254 253 252 251 252 
142 13 1 0 0 0 0 2 10 36 82 134 181 211 232 242 248 252 253 254 254 255 255 254 254 254 254 254 254 254 
147 14 1 0 0 1 8 24 65 123 174 208 232 243 248 252 254 254 255 255 255 255 255 255 255 254 254 254 254 254 
181 26 3 1 4 22 57 109 166 208 230 243 250 251 253 254 254 255 255 255 255 255 255 254 254 254 254 254 254 254 
221 55 8 5 32 92 155 199 228 242 250 252 253 254 254 254 254 255 255 255 255 255 255 254 254 254 254 254 254 254 
