247 240 204 200 229 248 252 253 253 254 254 255 254 254 255 254 255 255 255 255 255 254 254 251 242 224 185 166 186 231 
247 205 147 146 199 240 251 253 254 254 254 255 255 255 255 254 254 255 255 255 254 254 251 240 196 143 102 90 104 181 
241 153 103 106 154 223 248 253 254 254 255 255 255 255 255 254 255 255 255 254 254 251 233 182 109 69 47 41 57 114 
223 115 65 69 114 196 244 253 254 255 255 255 255 255 254 254 255 255 254 254 250 230 175 94 48 28 19 20 26 63 
203 75 35 36 79 173 242 253 254 255 255 255 255 255 254 254 254 254 254 252 230 175 87 37 20 10 6 6 10 36 
187 46 14 18 54 153 238 252 254 255 255 255 255 255 255 255 254 253 250 233 169 80 35 13 5 2 1 2 4 18 
172 25 6 9 37 138 233 251 254 255 255 255 255 254 254 254 252 247 230 168 78 28 10 3 1 0 0 0 1 10 
161 16 1 5 30 127 228 251 254 255 255 255 255 255 254 251 245 228 165 78 27 8 2 0 0 0 0 0 0 8 
158 10 0 3 28 124 228 251 254 255 255 255 255 254 252 242 220 159 73 27 8 2 0 0 0 0 0 0 0 5 
160 9 0 3 28 122 228 252 254 255 254 254 254 253 244 218 154 72 25 6 1 0 0 2 5 2 0 0 0 4 
161 8 0 3 30 123 230 251 254 255 254 254 252 244 218 152 70 23 7 0 0 0 2 15 27 16 1 0 0 4 
164 8 0 3 32 128 230 251 254 254 254 252 245 217 151 67 22 4 0 0 0 2 18 54 68 40 3 0 0 3 
168 8 0 3 34 132 229 250 254 254 252 244 217 151 72 21 4 1 0 0 2 18 74 119 117 70 9 0 0 3 
175 9 0 2 35 132 228 249 253 250 241 215 156 69 23 5 0 0 0 1 15 77 142 180 162 94 15 0 0 4 
179 11 0 2 34 129 222 246 248 237 212 158 72 22 4 0 0 0 1 12 74 150 207 220 193 116 19 0 0 4 
183 14 0 2 32 119 212 238 235 212 153 74 20 3 0 0 0 1 12 68 149 206 237 240 216 129 24 1 0 6 
185 14 0 2 28 108 194 216 200 147 74 19 2 0 0 0 2 14 66 149 209 238 248 248 227 138 25 1 1 5 
186 14 0 1 23 87 159 177 142 71 23 3 0 0 0 2 16 66 146 212 241 249 252 250 232 144 29 1 0 5 
187 14 0 0 16 63 111 108 67 22 4 0 0 0 3 19 69 143 213 238 249 252 254 251 234 148 31 1 0 5 
190 15 0 0 11 37 56 43 17 3 0 0 0 3 19 73 151 216 240 251 252 253 254 253 234 147 33 1 0 5 
186 12 0 0 4 15 21 10 1 0 0 1 4 21 73 153 210 241 251 253 254 254 254 253 233 145 32 1 0 5 
184 13 0 0 1 3 2 0 0 0 1 7 25 76 154 213 240 252 254 254 254 254 255 252 231 141 30 1 0 5 
184 15 0 0 0 0 0 0 1 2 9 26 78 154 213 242 251 254 254 254 254 254 255 252 229 138 26 1 0 6 
188 14 1 0 0 0 0 0 3 10 30 81 159 218 243 251 253 254 254 254 254 254 254 252 231 138 26 1 0 6 
191 18 2 1 0 0 1 5 14 33 90 163 217 243 251 252 254 254 254 254 254 254 254 252 233 141 26 2 0 8 
201 26 3 1 2 3 5 14 38 94 166 219 246 252 252 253 254 254 254 254 254 254 254 252 237 148 29 3 1 14 
214 48 9 6 5 8 16 41 98 174 224 249 252 254 254 254 255 254 254 254 254 254 254 253 241 163 40 7 5 28 
229 80 22 13 16 23 47 100 181 227 248 253 254 254 254 255 255 254 254 254 254 254 254 253 248 188 68 20 20 54 
243 129 47 33 37 55 109 181 228 247 253 254 255 255 254 255 255 255 254 254 254 254 254 254 250 216 117 53 50 92 
250 186 98 69 73 116 180 229 249 254 254 254 255 255 255 254 255 255 255 254 254 255 255 254 253 236 167 99 91 138 
